2 12.636 
3 22.5211 
4 34.0708 
5 47.2488 
6 61.6966 
7 77.2165 
8 93.6612 
9 110.877 
10 128.752 
11 147.179 
12 166.065 
13 185.32 
14 204.875 
15 224.66 
16 244.598 
17 264.64 
18 284.75 
19 304.884 
20 324.987 
21 345 
22 364.892 
23 384.638 
24 404.21 
25 423.578 
26 442.706 
27 461.575 
28 480.164 
29 498.452 
30 516.411 
31 534.014 
32 551.251 
33 568.118 
34 584.61 
35 600.721 
36 616.444 
37 631.77 
38 646.688 
39 661.182 
40 675.234 
41 688.827 
42 701.957 
43 714.628 
44 726.842 
45 738.599 
46 749.901 
47 760.749 
48 771.141 
49 781.075 
50 790.547 
51 799.552 
52 808.096 
53 816.185 
54 823.824 
55 831.019 
56 837.775 
57 844.096 
58 849.984 
59 855.442 
60 860.471 
61 865.07 
62 869.247 
63 873.012 
64 876.373 
65 879.338 
66 881.915 
67 884.11 
68 885.93 
69 887.38 
70 888.465 
71 889.188 
72 889.561 
73 889.592 
74 889.291 
75 888.667 
76 887.73 
77 886.487 
78 884.945 
79 883.112 
80 880.993 
81 878.595 
82 875.928 
83 873.001 
84 869.826 
85 866.412 
86 862.767 
87 858.902 
88 854.824 
89 850.54 
90 846.058 
91 841.385 
92 836.529 
93 831.501 
94 826.309 
95 820.961 
96 815.466 
97 809.832 
98 804.064 
99 798.169 
100 792.153 
101 786.021 
102 779.783 
103 773.45 
104 767.032 
105 760.537 
106 753.976 
107 747.358 
108 740.691 
109 733.984 
110 727.244 
111 720.479 
112 713.696 
113 706.901 
114 700.1 
115 693.298 
116 686.501 
117 679.712 
118 672.934 
119 666.172 
120 659.427 
121 652.701 
122 646.003 
123 639.338 
124 632.715 
125 626.141 
126 619.621 
127 613.163 
128 606.773 
129 600.455 
130 594.216 
131 588.059 
132 581.991 
133 576.014 
134 570.132 
135 564.348 
136 558.666 
137 553.086 
138 547.612 
139 542.244 
140 536.982 
141 531.829 
142 526.787 
143 521.861 
144 517.056 
145 512.374 
146 507.82 
147 503.397 
148 499.107 
149 494.954 
150 490.938 
151 487.063 
152 483.329 
153 479.737 
154 476.29 
155 472.985 
156 469.825 
157 466.808 
158 463.932 
159 461.198 
160 458.603 
161 456.146 
162 453.828 
163 451.65 
164 449.615 
165 447.722 
166 445.974 
167 444.37 
168 442.912 
169 441.598 
170 440.43 
171 439.406 
172 438.526 
173 437.789 
174 437.193 
175 436.737 
176 436.418 
177 436.235 
178 436.185 
179 436.265 
180 436.471 
181 436.801 
182 437.254 
183 437.829 
184 438.525 
185 439.342 
186 440.279 
187 441.334 
188 442.506 
189 443.794 
190 445.195 
191 446.707 
192 448.328 
193 450.055 
194 451.886 
195 453.817 
196 455.846 
197 457.968 
198 460.181 
199 462.479 
200 464.859 
201 467.316 
202 469.85 
203 472.458 
204 475.139 
205 477.892 
206 480.715 
207 483.607 
208 486.564 
209 489.586 
210 492.67 
211 495.814 
212 499.014 
213 502.27 
214 505.577 
215 508.933 
216 512.335 
217 515.78 
218 519.265 
219 522.785 
220 526.338 
221 529.919 
222 533.524 
223 537.15 
224 540.792 
225 544.446 
226 548.107 
227 551.775 
228 555.446 
229 559.119 
230 562.793 
231 566.467 
232 570.137 
233 573.802 
234 577.461 
235 581.112 
236 584.752 
237 588.379 
238 591.991 
239 595.586 
240 599.162 
241 602.716 
242 606.246 
243 609.749 
244 613.223 
245 616.666 
246 620.075 
247 623.446 
248 626.778 
249 630.067 
250 633.31 
251 636.505 
252 639.651 
253 642.746 
254 645.789 
255 648.78 
256 651.717 
257 654.599 
258 657.425 
259 660.194 
260 662.904 
261 665.556 
262 668.147 
263 670.677 
264 673.144 
265 675.547 
266 677.886 
267 680.159 
268 682.364 
269 684.502 
270 686.57 
271 688.567 
272 690.493 
273 692.346 
274 694.126 
275 695.83 
276 697.458 
277 699.009 
278 700.485 
279 701.884 
280 703.207 
281 704.453 
282 705.624 
283 706.719 
284 707.737 
285 708.681 
286 709.549 
287 710.341 
288 711.059 
289 711.703 
290 712.272 
291 712.768 
292 713.19 
293 713.54 
294 713.817 
295 714.022 
296 714.156 
297 714.22 
298 714.213 
299 714.136 
300 713.991 
301 713.778 
302 713.497 
303 713.15 
304 712.737 
305 712.258 
306 711.714 
307 711.107 
308 710.436 
309 709.703 
310 708.909 
311 708.054 
312 707.139 
313 706.166 
314 705.136 
315 704.048 
316 702.906 
317 701.709 
318 700.459 
319 699.156 
320 697.803 
321 696.401 
322 694.95 
323 693.452 
324 691.909 
325 690.321 
326 688.691 
327 687.02 
328 685.309 
329 683.56 
330 681.775 
331 679.955 
332 678.101 
333 676.216 
334 674.302 
335 672.36 
336 670.391 
337 668.399 
338 666.384 
339 664.349 
340 662.297 
341 660.227 
342 658.144 
343 656.05 
344 653.945 
345 651.833 
346 649.716 
347 647.596 
348 645.475 
349 643.357 
350 641.243 
351 639.136 
352 637.036 
353 634.945 
354 632.863 
355 630.792 
356 628.732 
357 626.684 
358 624.649 
359 622.628 
360 620.621 
361 618.63 
362 616.656 
363 614.699 
364 612.761 
365 610.842 
366 608.943 
367 607.065 
368 605.21 
369 603.378 
370 601.57 
371 599.787 
372 598.03 
373 596.3 
374 594.598 
375 592.926 
376 591.283 
377 589.672 
378 588.093 
379 586.547 
380 585.035 
381 583.559 
382 582.119 
383 580.716 
384 579.352 
385 578.027 
386 576.744 
387 575.502 
388 574.303 
389 573.147 
390 572.038 
391 570.974 
392 569.958 
393 568.99 
394 568.072 
395 567.205 
396 566.39 
397 565.628 
398 564.92 
399 564.268 
400 563.673 
401 563.135 
402 562.656 
403 562.234 
404 561.87 
405 561.563 
406 561.313 
407 561.12 
408 560.984 
409 560.904 
410 560.88 
411 560.912 
412 561 
413 561.142 
414 561.34 
415 561.592 
416 561.898 
417 562.257 
418 562.67 
419 563.135 
420 563.653 
421 564.222 
422 564.842 
423 565.513 
424 566.233 
425 567.003 
426 567.822 
427 568.689 
428 569.603 
429 570.563 
430 571.57 
431 572.622 
432 573.719 
433 574.859 
434 576.042 
435 577.267 
436 578.533 
437 579.84 
438 581.186 
439 582.57 
440 583.992 
441 585.45 
442 586.944 
443 588.472 
444 590.034 
445 591.627 
446 593.252 
447 594.908 
448 596.591 
449 598.303 
450 600.041 
451 601.804 
452 603.592 
453 605.404 
454 607.238 
455 609.094 
456 610.97 
457 612.867 
458 614.784 
459 616.718 
460 618.669 
461 620.637 
462 622.62 
463 624.618 
464 626.628 
465 628.651 
466 630.684 
467 632.728 
468 634.78 
469 636.84 
470 638.907 
471 640.979 
472 643.055 
473 645.134 
474 647.214 
475 649.295 
476 651.375 
477 653.453 
478 655.527 
479 657.596 
480 659.659 
481 661.714 
482 663.76 
483 665.796 
484 667.819 
485 669.829 
486 671.824 
487 673.803 
488 675.763 
489 677.703 
490 679.623 
491 681.519 
492 683.391 
493 685.236 
494 687.054 
495 688.842 
496 690.598 
497 692.322 
498 694.01 
499 695.662 
500 697.275 
501 698.848 
502 700.38 
503 701.87 
504 703.319 
505 704.727 
506 706.091 
507 707.413 
508 708.691 
509 709.926 
510 711.117 
511 712.263 
512 713.364 
513 714.421 
514 715.431 
515 716.395 
516 717.313 
517 718.184 
518 719.007 
519 719.783 
520 720.511 
521 721.19 
522 721.82 
523 722.401 
524 722.932 
525 723.412 
526 723.842 
527 724.221 
528 724.549 
529 724.825 
530 725.048 
531 725.219 
532 725.336 
533 725.4 
534 725.411 
535 725.366 
536 725.267 
537 725.113 
538 724.903 
539 724.637 
540 724.315 
541 723.935 
542 723.498 
543 723.004 
544 722.451 
545 721.84 
546 721.17 
547 720.44 
548 719.651 
549 718.801 
550 717.891 
551 716.919 
552 715.887 
553 714.795 
554 713.643 
555 712.432 
556 711.162 
557 709.834 
558 708.449 
559 707.007 
560 705.509 
561 703.955 
562 702.346 
563 700.683 
564 698.965 
565 697.195 
566 695.372 
567 693.498 
568 691.572 
569 689.596 
570 687.571 
571 685.497 
572 683.374 
573 681.204 
574 678.988 
575 676.726 
576 674.419 
577 672.068 
578 669.673 
579 667.236 
580 664.758 
581 662.239 
582 659.68 
583 657.082 
584 654.447 
585 651.774 
586 649.066 
587 646.322 
588 643.545 
589 640.734 
590 637.892 
591 635.018 
592 632.115 
593 629.182 
594 626.222 
595 623.236 
596 620.224 
597 617.187 
598 614.127 
599 611.045 
600 607.942 
601 604.819 
602 601.678 
603 598.518 
604 595.34 
605 592.147 
606 588.937 
607 585.712 
608 582.474 
609 579.222 
610 575.958 
611 572.682 
612 569.396 
613 566.099 
614 562.794 
615 559.482 
616 556.162 
617 552.836 
618 549.504 
619 546.169 
620 542.831 
621 539.49 
622 536.148 
623 532.805 
624 529.464 
625 526.124 
626 522.787 
627 519.454 
628 516.126 
629 512.804 
630 509.489 
631 506.182 
632 502.885 
633 499.597 
634 496.322 
635 493.059 
636 489.809 
637 486.575 
638 483.357 
639 480.156 
640 476.973 
641 473.811 
642 470.669 
643 467.549 
644 464.453 
645 461.382 
646 458.336 
647 455.318 
648 452.328 
649 449.367 
650 446.439 
651 443.542 
652 440.678 
653 437.847 
654 435.049 
655 432.284 
656 429.553 
657 426.856 
658 424.193 
659 421.564 
660 418.97 
661 416.41 
662 413.886 
663 411.396 
664 408.942 
665 406.524 
666 404.141 
667 401.795 
668 399.484 
669 397.21 
670 394.973 
671 392.773 
672 390.61 
673 388.484 
674 386.396 
675 384.345 
676 382.333 
677 380.358 
678 378.422 
679 376.524 
680 374.665 
681 372.845 
682 371.064 
683 369.323 
684 367.621 
685 365.958 
686 364.335 
687 362.753 
688 361.211 
689 359.709 
690 358.247 
691 356.827 
692 355.447 
693 354.109 
694 352.812 
695 351.556 
696 350.342 
697 349.17 
698 348.04 
699 346.952 
700 345.906 
701 344.903 
702 343.941 
703 343.022 
704 342.143 
705 341.306 
706 340.509 
707 339.751 
708 339.033 
709 338.354 
710 337.714 
711 337.111 
712 336.546 
713 336.018 
714 335.526 
715 335.07 
716 334.65 
717 334.264 
718 333.913 
719 333.595 
720 333.311 
721 333.059 
722 332.84 
723 332.651 
724 332.494 
725 332.366 
726 332.269 
727 332.2 
728 332.159 
729 332.146 
730 332.161 
731 332.201 
732 332.267 
733 332.358 
734 332.474 
735 332.612 
736 332.774 
737 332.958 
738 333.163 
739 333.389 
740 333.635 
741 333.9 
742 334.183 
743 334.484 
744 334.802 
745 335.135 
746 335.484 
747 335.847 
748 336.224 
749 336.613 
750 337.015 
751 337.427 
752 337.849 
753 338.282 
754 338.725 
755 339.176 
756 339.636 
757 340.104 
758 340.579 
759 341.062 
760 341.551 
761 342.046 
762 342.547 
763 343.052 
764 343.562 
765 344.076 
766 344.593 
767 345.113 
768 345.635 
769 346.158 
770 346.683 
771 347.208 
772 347.733 
773 348.257 
774 348.78 
775 349.301 
776 349.819 
777 350.334 
778 350.846 
779 351.352 
780 351.854 
781 352.35 
782 352.84 
783 353.323 
784 353.797 
785 354.264 
786 354.722 
787 355.169 
788 355.607 
789 356.033 
790 356.447 
791 356.849 
792 357.238 
793 357.612 
794 357.972 
795 358.317 
796 358.645 
797 358.956 
798 359.25 
799 359.525 
800 359.781 
801 360.018 
802 360.234 
803 360.43 
804 360.606 
805 360.762 
806 360.899 
807 361.015 
808 361.111 
809 361.187 
810 361.244 
811 361.28 
812 361.296 
813 361.293 
814 361.269 
815 361.226 
816 361.163 
817 361.08 
818 360.977 
819 360.854 
820 360.711 
821 360.549 
822 360.366 
823 360.164 
824 359.943 
825 359.701 
826 359.44 
827 359.159 
828 358.858 
829 358.538 
830 358.198 
831 357.839 
832 357.46 
833 357.062 
834 356.644 
835 356.207 
836 355.751 
837 355.275 
838 354.78 
839 354.265 
840 353.731 
841 353.179 
842 352.607 
843 352.015 
844 351.405 
845 350.776 
846 350.128 
847 349.461 
848 348.775 
849 348.071 
850 347.348 
851 346.606 
852 345.845 
853 345.067 
854 344.271 
855 343.458 
856 342.628 
857 341.782 
858 340.92 
859 340.042 
860 339.148 
861 338.24 
862 337.318 
863 336.381 
864 335.431 
865 334.467 
866 333.491 
867 332.502 
868 331.501 
869 330.489 
870 329.466 
871 328.432 
872 327.387 
873 326.334 
874 325.27 
875 324.198 
876 323.118 
877 322.03 
878 320.934 
879 319.831 
880 318.722 
881 317.607 
882 316.487 
883 315.361 
884 314.231 
885 313.097 
886 311.96 
887 310.819 
888 309.676 
889 308.532 
890 307.386 
891 306.239 
892 305.091 
893 303.944 
894 302.798 
895 301.653 
896 300.51 
897 299.369 
898 298.232 
899 297.098 
900 295.968 
901 294.842 
902 293.722 
903 292.607 
904 291.498 
905 290.394 
906 289.296 
907 288.205 
908 287.12 
909 286.041 
910 284.97 
911 283.906 
912 282.85 
913 281.801 
914 280.761 
915 279.729 
916 278.706 
917 277.691 
918 276.686 
919 275.691 
920 274.705 
921 273.729 
922 272.763 
923 271.809 
924 270.865 
925 269.932 
926 269.011 
927 268.101 
928 267.204 
929 266.319 
930 265.447 
931 264.588 
932 263.742 
933 262.91 
934 262.092 
935 261.288 
936 260.498 
937 259.723 
938 258.964 
939 258.22 
940 257.492 
941 256.78 
942 256.085 
943 255.406 
944 254.744 
945 254.1 
946 253.474 
947 252.866 
948 252.276 
949 251.705 
950 251.153 
951 250.621 
952 250.108 
953 249.614 
954 249.139 
955 248.683 
956 248.246 
957 247.827 
958 247.427 
959 247.045 
960 246.682 
961 246.336 
962 246.008 
963 245.697 
964 245.405 
965 245.129 
966 244.87 
967 244.629 
968 244.404 
969 244.196 
970 244.004 
971 243.828 
972 243.669 
973 243.525 
974 243.397 
975 243.284 
976 243.187 
977 243.105 
978 243.037 
979 242.984 
980 242.946 
981 242.922 
982 242.912 
983 242.916 
984 242.933 
985 242.964 
986 243.008 
987 243.065 
988 243.135 
989 243.218 
990 243.312 
991 243.419 
992 243.537 
993 243.668 
994 243.809 
995 243.962 
996 244.125 
997 244.3 
998 244.484 
999 244.679 
1000 244.884 
1001 245.098 
1002 245.322 
1003 245.554 
1004 245.796 
1005 246.045 
1006 246.303 
1007 246.569 
1008 246.842 
1009 247.121 
1010 247.408 
1011 247.701 
1012 248 
1013 248.305 
1014 248.614 
1015 248.929 
1016 249.249 
1017 249.572 
1018 249.9 
1019 250.231 
1020 250.565 
1021 250.902 
1022 251.241 
1023 251.583 
1024 251.925 
1025 252.269 
1026 252.614 
1027 252.96 
1028 253.305 
1029 253.65 
1030 253.995 
1031 254.338 
1032 254.679 
1033 255.019 
1034 255.356 
1035 255.691 
1036 256.022 
1037 256.35 
1038 256.673 
1039 256.992 
1040 257.306 
1041 257.615 
1042 257.918 
1043 258.214 
1044 258.504 
1045 258.787 
1046 259.062 
1047 259.33 
1048 259.588 
1049 259.838 
1050 260.078 
1051 260.309 
1052 260.529 
1053 260.739 
1054 260.939 
1055 261.129 
1056 261.308 
1057 261.476 
1058 261.634 
1059 261.781 
1060 261.917 
1061 262.041 
1062 262.155 
1063 262.257 
1064 262.347 
1065 262.426 
1066 262.493 
1067 262.549 
1068 262.592 
1069 262.623 
1070 262.642 
1071 262.648 
1072 262.642 
1073 262.623 
1074 262.591 
1075 262.546 
1076 262.489 
1077 262.418 
1078 262.333 
1079 262.236 
1080 262.124 
1081 261.999 
1082 261.86 
1083 261.707 
1084 261.539 
1085 261.357 
1086 261.161 
1087 260.951 
1088 260.725 
1089 260.485 
1090 260.229 
1091 259.958 
1092 259.673 
1093 259.371 
1094 259.054 
1095 258.721 
1096 258.372 
1097 258.008 
1098 257.627 
1099 257.229 
1100 256.815 
1101 256.385 
1102 255.938 
1103 255.475 
1104 254.995 
1105 254.5 
1106 253.989 
1107 253.462 
1108 252.92 
1109 252.363 
1110 251.791 
1111 251.204 
1112 250.602 
1113 249.986 
1114 249.356 
1115 248.712 
1116 248.054 
1117 247.383 
1118 246.698 
1119 246 
1120 245.289 
1121 244.565 
1122 243.829 
1123 243.08 
1124 242.32 
1125 241.547 
1126 240.763 
1127 239.968 
1128 239.161 
1129 238.343 
1130 237.515 
1131 236.676 
1132 235.827 
1133 234.968 
1134 234.099 
1135 233.22 
1136 232.333 
1137 231.436 
1138 230.53 
1139 229.616 
1140 228.693 
1141 227.762 
1142 226.824 
1143 225.878 
1144 224.924 
1145 223.964 
1146 222.997 
1147 222.023 
1148 221.043 
1149 220.057 
1150 219.065 
1151 218.068 
1152 217.065 
1153 216.058 
1154 215.045 
1155 214.029 
1156 213.008 
1157 211.983 
1158 210.955 
1159 209.923 
1160 208.887 
1161 207.849 
1162 206.809 
1163 205.765 
1164 204.72 
1165 203.673 
1166 202.624 
1167 201.574 
1168 200.523 
1169 199.471 
1170 198.419 
1171 197.366 
1172 196.314 
1173 195.262 
1174 194.21 
1175 193.16 
1176 192.11 
1177 191.062 
1178 190.016 
1179 188.972 
1180 187.931 
1181 186.892 
1182 185.856 
1183 184.823 
1184 183.794 
1185 182.769 
1186 181.748 
1187 180.732 
1188 179.72 
1189 178.714 
1190 177.713 
1191 176.718 
1192 175.729 
1193 174.746 
1194 173.77 
1195 172.801 
1196 171.84 
1197 170.886 
1198 169.94 
1199 169.003 
1200 168.074 
1201 167.155 
1202 166.244 
1203 165.343 
1204 164.451 
1205 163.569 
1206 162.695 
1207 161.832 
1208 160.977 
1209 160.133 
1210 159.298 
1211 158.473 
1212 157.657 
1213 156.852 
1214 156.056 
1215 155.271 
1216 154.496 
1217 153.73 
1218 152.975 
1219 152.231 
1220 151.496 
1221 150.773 
1222 150.059 
1223 149.357 
1224 148.665 
1225 147.983 
1226 147.313 
1227 146.653 
1228 146.005 
1229 145.367 
1230 144.74 
1231 144.125 
1232 143.521 
1233 142.928 
1234 142.347 
1235 141.777 
1236 141.219 
1237 140.672 
1238 140.137 
1239 139.613 
1240 139.102 
1241 138.602 
1242 138.115 
1243 137.639 
1244 137.176 
1245 136.725 
1246 136.286 
1247 135.86 
1248 135.446 
1249 135.044 
1250 134.655 
1251 134.279 
1252 133.915 
1253 133.564 
1254 133.224 
1255 132.897 
1256 132.582 
1257 132.278 
1258 131.986 
1259 131.706 
1260 131.437 
1261 131.178 
1262 130.931 
1263 130.695 
1264 130.469 
1265 130.253 
1266 130.048 
1267 129.853 
1268 129.667 
1269 129.492 
1270 129.326 
1271 129.169 
1272 129.022 
1273 128.883 
1274 128.754 
1275 128.633 
1276 128.52 
1277 128.416 
1278 128.32 
1279 128.232 
1280 128.152 
1281 128.079 
1282 128.013 
1283 127.955 
1284 127.903 
1285 127.859 
1286 127.821 
1287 127.789 
1288 127.763 
1289 127.743 
1290 127.73 
1291 127.721 
1292 127.718 
1293 127.72 
1294 127.727 
1295 127.739 
1296 127.755 
1297 127.776 
1298 127.8 
1299 127.829 
1300 127.861 
1301 127.897 
1302 127.935 
1303 127.977 
1304 128.022 
1305 128.07 
1306 128.12 
1307 128.173 
1308 128.229 
1309 128.286 
1310 128.346 
1311 128.407 
1312 128.47 
1313 128.535 
1314 128.601 
1315 128.669 
1316 128.737 
1317 128.807 
1318 128.877 
1319 128.948 
1320 129.019 
1321 129.09 
1322 129.162 
1323 129.233 
1324 129.305 
1325 129.375 
1326 129.446 
1327 129.515 
1328 129.583 
1329 129.651 
1330 129.717 
1331 129.781 
1332 129.844 
1333 129.905 
1334 129.964 
1335 130.021 
1336 130.076 
1337 130.127 
1338 130.177 
1339 130.223 
1340 130.266 
1341 130.305 
1342 130.342 
1343 130.374 
1344 130.403 
1345 130.427 
1346 130.447 
1347 130.463 
1348 130.474 
1349 130.48 
1350 130.482 
1351 130.477 
1352 130.468 
1353 130.453 
1354 130.433 
1355 130.408 
1356 130.377 
1357 130.341 
1358 130.3 
1359 130.253 
1360 130.201 
1361 130.144 
1362 130.081 
1363 130.013 
1364 129.94 
1365 129.861 
1366 129.777 
1367 129.687 
1368 129.592 
1369 129.491 
1370 129.385 
1371 129.274 
1372 129.157 
1373 129.035 
1374 128.907 
1375 128.774 
1376 128.635 
1377 128.491 
1378 128.341 
1379 128.186 
1380 128.025 
1381 127.859 
1382 127.687 
1383 127.51 
1384 127.327 
1385 127.138 
1386 126.944 
1387 126.745 
1388 126.54 
1389 126.329 
1390 126.113 
1391 125.891 
1392 125.663 
1393 125.43 
1394 125.192 
1395 124.947 
1396 124.697 
1397 124.442 
1398 124.181 
1399 123.914 
1400 123.641 
1401 123.363 
1402 123.079 
1403 122.79 
1404 122.496 
1405 122.196 
1406 121.892 
1407 121.582 
1408 121.268 
1409 120.949 
1410 120.625 
1411 120.297 
1412 119.965 
1413 119.628 
1414 119.287 
1415 118.943 
1416 118.595 
1417 118.243 
1418 117.887 
1419 117.528 
1420 117.166 
1421 116.801 
1422 116.433 
1423 116.062 
1424 115.688 
1425 115.311 
1426 114.933 
1427 114.551 
1428 114.168 
1429 113.783 
1430 113.396 
1431 113.007 
1432 112.616 
1433 112.224 
1434 111.831 
1435 111.436 
1436 111.041 
1437 110.645 
1438 110.248 
1439 109.85 
1440 109.452 
1441 109.054 
1442 108.655 
1443 108.257 
1444 107.859 
1445 107.461 
1446 107.063 
1447 106.667 
1448 106.271 
1449 105.876 
1450 105.482 
1451 105.089 
1452 104.698 
1453 104.308 
1454 103.92 
1455 103.533 
1456 103.148 
1457 102.765 
1458 102.384 
1459 102.004 
1460 101.627 
1461 101.251 
1462 100.878 
1463 100.507 
1464 100.138 
1465 99.7712 
1466 99.4072 
1467 99.0457 
1468 98.6868 
1469 98.3307 
1470 97.9773 
1471 97.6268 
1472 97.2792 
1473 96.9347 
1474 96.5933 
1475 96.2551 
1476 95.9202 
1477 95.5887 
1478 95.2606 
1479 94.9361 
1480 94.6152 
1481 94.298 
1482 93.9847 
1483 93.6752 
1484 93.3698 
1485 93.0684 
1486 92.7711 
1487 92.4782 
1488 92.1895 
1489 91.9053 
1490 91.6256 
1491 91.3506 
1492 91.0802 
1493 90.8146 
1494 90.554 
1495 90.2983 
1496 90.0477 
1497 89.8022 
1498 89.562 
1499 89.3272 
1500 89.0978 
1501 88.874 
1502 88.6557 
1503 88.4428 
1504 88.2353 
1505 88.0332 
1506 87.8364 
1507 87.6449 
1508 87.4586 
1509 87.2776 
1510 87.1016 
1511 86.9308 
1512 86.7649 
1513 86.6041 
1514 86.4483 
1515 86.2973 
1516 86.1512 
1517 86.0099 
1518 85.8733 
1519 85.7415 
1520 85.6143 
1521 85.4917 
1522 85.3737 
1523 85.2601 
1524 85.151 
1525 85.0463 
1526 84.946 
1527 84.8499 
1528 84.7581 
1529 84.6705 
1530 84.587 
1531 84.5076 
1532 84.4322 
1533 84.3608 
1534 84.2933 
1535 84.2297 
1536 84.1698 
1537 84.1138 
1538 84.0614 
1539 84.0126 
1540 83.9674 
1541 83.9258 
1542 83.8876 
1543 83.8528 
1544 83.8214 
1545 83.7932 
1546 83.7683 
1547 83.7466 
1548 83.728 
1549 83.7124 
1550 83.6998 
1551 83.6901 
1552 83.6833 
1553 83.6792 
1554 83.6778 
1555 83.679 
1556 83.6826 
1557 83.6887 
1558 83.697 
1559 83.7076 
1560 83.7204 
1561 83.7351 
1562 83.7518 
1563 83.7704 
1564 83.7907 
1565 83.8127 
1566 83.8363 
1567 83.8613 
1568 83.8878 
1569 83.9155 
1570 83.9444 
1571 83.9745 
1572 84.0055 
1573 84.0374 
1574 84.0702 
1575 84.1036 
1576 84.1377 
1577 84.1723 
1578 84.2073 
1579 84.2426 
1580 84.2781 
1581 84.3137 
1582 84.3494 
1583 84.3849 
1584 84.4202 
1585 84.4553 
1586 84.4899 
1587 84.524 
1588 84.5576 
1589 84.5903 
1590 84.6223 
1591 84.6534 
1592 84.6834 
1593 84.7122 
1594 84.7398 
1595 84.766 
1596 84.7908 
1597 84.814 
1598 84.8355 
1599 84.8552 
1600 84.8729 
1601 84.8887 
1602 84.9024 
1603 84.9139 
1604 84.9234 
1605 84.9306 
1606 84.9355 
1607 84.9382 
1608 84.9385 
1609 84.9364 
1610 84.9319 
1611 84.9249 
1612 84.9153 
1613 84.9032 
1614 84.8885 
1615 84.8711 
1616 84.8509 
1617 84.828 
1618 84.8023 
1619 84.7737 
1620 84.7422 
1621 84.7078 
1622 84.6703 
1623 84.6298 
1624 84.5862 
1625 84.5394 
1626 84.4894 
1627 84.4361 
1628 84.3796 
1629 84.3196 
1630 84.2563 
1631 84.1895 
1632 84.1192 
1633 84.0453 
1634 83.9678 
1635 83.8867 
1636 83.8018 
1637 83.7132 
1638 83.6207 
1639 83.5244 
1640 83.4242 
1641 83.3199 
1642 83.2117 
1643 83.0993 
1644 82.9828 
1645 82.8622 
1646 82.7372 
1647 82.608 
1648 82.4744 
1649 82.3365 
1650 82.194 
1651 82.0471 
1652 81.8956 
1653 81.7398 
1654 81.5795 
1655 81.4149 
1656 81.2461 
1657 81.0729 
1658 80.8956 
1659 80.714 
1660 80.5284 
1661 80.3387 
1662 80.145 
1663 79.9472 
1664 79.7456 
1665 79.54 
1666 79.3306 
1667 79.1175 
1668 78.9005 
1669 78.6799 
1670 78.4556 
1671 78.2278 
1672 77.9963 
1673 77.7614 
1674 77.523 
1675 77.2812 
1676 77.0361 
1677 76.7876 
1678 76.5359 
1679 76.281 
1680 76.0229 
1681 75.7617 
1682 75.4975 
1683 75.2303 
1684 74.9601 
1685 74.687 
1686 74.4111 
1687 74.1324 
1688 73.8509 
1689 73.5668 
1690 73.28 
1691 72.9907 
1692 72.6988 
1693 72.4045 
1694 72.1077 
1695 71.8086 
1696 71.5072 
1697 71.2036 
1698 70.8977 
1699 70.5897 
1700 70.2797 
1701 69.9676 
1702 69.6536 
1703 69.3377 
1704 69.0201 
1705 68.7008 
1706 68.3798 
1707 68.0574 
1708 67.7335 
1709 67.4083 
1710 67.0819 
1711 66.7543 
1712 66.4256 
1713 66.0959 
1714 65.7654 
1715 65.434 
1716 65.1019 
1717 64.7692 
1718 64.436 
1719 64.1023 
1720 63.7682 
1721 63.4339 
1722 63.0995 
1723 62.7649 
1724 62.4304 
1725 62.096 
1726 61.7618 
1727 61.4279 
1728 61.0944 
1729 60.7614 
1730 60.429 
1731 60.0972 
1732 59.7663 
1733 59.4362 
1734 59.1071 
1735 58.7791 
1736 58.4522 
1737 58.1266 
1738 57.8024 
1739 57.4797 
1740 57.1585 
1741 56.839 
1742 56.5213 
1743 56.2055 
1744 55.8916 
1745 55.5798 
1746 55.2702 
1747 54.9629 
1748 54.658 
1749 54.3556 
1750 54.0558 
1751 53.7586 
1752 53.4642 
1753 53.1725 
1754 52.8836 
1755 52.5974 
1756 52.314 
1757 52.0334 
1758 51.7557 
1759 51.4807 
1760 51.2086 
1761 50.9393 
1762 50.6729 
1763 50.4094 
1764 50.1488 
1765 49.8912 
1766 49.6364 
1767 49.3846 
1768 49.1358 
1769 48.8899 
1770 48.6471 
1771 48.4072 
1772 48.1704 
1773 47.9366 
1774 47.7059 
1775 47.4783 
1776 47.2537 
1777 47.0323 
1778 46.814 
1779 46.5988 
1780 46.3867 
1781 46.1779 
1782 45.9722 
1783 45.7697 
1784 45.5704 
1785 45.3744 
1786 45.1816 
1787 44.9921 
1788 44.8059 
1789 44.623 
1790 44.4433 
1791 44.267 
1792 44.0941 
1793 43.9245 
1794 43.7583 
1795 43.5955 
1796 43.4361 
1797 43.2802 
1798 43.1276 
1799 42.9786 
1800 42.833 
1801 42.6909 
1802 42.5523 
1803 42.4171 
1804 42.2852 
1805 42.1567 
1806 42.0315 
1807 41.9095 
1808 41.7907 
1809 41.6751 
1810 41.5626 
1811 41.4532 
1812 41.3468 
1813 41.2435 
1814 41.1431 
1815 41.0455 
1816 40.9509 
1817 40.8591 
1818 40.77 
1819 40.6837 
1820 40.6001 
1821 40.5191 
1822 40.4407 
1823 40.3649 
1824 40.2916 
1825 40.2208 
1826 40.1523 
1827 40.0863 
1828 40.0225 
1829 39.9611 
1830 39.9018 
1831 39.8448 
1832 39.7899 
1833 39.7371 
1834 39.6863 
1835 39.6375 
1836 39.5907 
1837 39.5458 
1838 39.5027 
1839 39.4614 
1840 39.4219 
1841 39.384 
1842 39.3479 
1843 39.3133 
1844 39.2803 
1845 39.2488 
1846 39.2187 
1847 39.1901 
1848 39.1628 
1849 39.1368 
1850 39.112 
1851 39.0885 
1852 39.0661 
1853 39.0448 
1854 39.0246 
1855 39.0054 
1856 38.9873 
1857 38.9701 
1858 38.9539 
1859 38.9385 
1860 38.924 
1861 38.9103 
1862 38.8974 
1863 38.8852 
1864 38.8737 
1865 38.8628 
1866 38.8526 
1867 38.8429 
1868 38.8337 
1869 38.8251 
1870 38.8168 
1871 38.809 
1872 38.8016 
1873 38.7944 
1874 38.7876 
1875 38.781 
1876 38.7746 
1877 38.7683 
1878 38.7621 
1879 38.756 
1880 38.75 
1881 38.7439 
1882 38.7377 
1883 38.7315 
1884 38.7251 
1885 38.7185 
1886 38.7116 
1887 38.7045 
1888 38.6971 
1889 38.6893 
1890 38.681 
1891 38.6723 
1892 38.6631 
1893 38.6534 
1894 38.643 
1895 38.6321 
1896 38.6204 
1897 38.608 
1898 38.5948 
1899 38.5807 
1900 38.5658 
1901 38.55 
1902 38.5333 
1903 38.5156 
1904 38.497 
1905 38.4774 
1906 38.4569 
1907 38.4354 
1908 38.4129 
1909 38.3895 
1910 38.3651 
1911 38.3397 
1912 38.3133 
1913 38.2859 
1914 38.2575 
1915 38.228 
1916 38.1976 
1917 38.1661 
1918 38.1336 
1919 38.1 
1920 38.0654 
1921 38.0297 
1922 37.9929 
1923 37.9551 
1924 37.9162 
1925 37.8762 
1926 37.8351 
1927 37.7929 
1928 37.7496 
1929 37.7052 
1930 37.6597 
1931 37.613 
1932 37.5652 
1933 37.5162 
1934 37.4661 
1935 37.4149 
1936 37.3624 
1937 37.3088 
1938 37.254 
1939 37.198 
1940 37.1409 
1941 37.0825 
1942 37.0229 
1943 36.9621 
1944 36.9 
1945 36.8367 
1946 36.7722 
1947 36.7064 
1948 36.6394 
1949 36.5711 
1950 36.5015 
1951 36.4307 
1952 36.3586 
1953 36.2852 
1954 36.2107 
1955 36.1349 
1956 36.0579 
1957 35.9797 
1958 35.9005 
1959 35.82 
1960 35.7385 
1961 35.6558 
1962 35.5721 
1963 35.4873 
1964 35.4015 
1965 35.3147 
1966 35.2269 
1967 35.138 
1968 35.0483 
1969 34.9576 
1970 34.8659 
1971 34.7734 
1972 34.68 
1973 34.5857 
1974 34.4906 
1975 34.3946 
1976 34.2979 
1977 34.2003 
1978 34.102 
1979 34.003 
1980 33.9033 
1981 33.8028 
1982 33.7017 
1983 33.5999 
1984 33.4975 
1985 33.3945 
1986 33.2908 
1987 33.1866 
1988 33.0819 
1989 32.9766 
1990 32.8708 
1991 32.7645 
1992 32.6578 
1993 32.5506 
1994 32.4429 
1995 32.3349 
1996 32.2265 
1997 32.1178 
1998 32.0087 
1999 31.8993 
2000 31.7896 
