2 1028.31 
3 963.646 
4 918.672 
5 894.222 
6 877.673 
7 867.634 
8 862.405 
9 860.38 
10 862.149 
11 865.575 
12 870.939 
13 877.073 
14 884.951 
15 894.475 
16 903.598 
17 912.981 
18 923.744 
19 936.189 
20 949.59 
21 962.597 
22 975.352 
23 988.318 
24 1001.72 
25 1015.48 
26 1029.35 
27 1043.45 
28 1057.88 
29 1072.61 
30 1087.4 
31 1101.97 
32 1116.42 
33 1130.96 
34 1145.75 
35 1160.92 
36 1176.52 
37 1192.58 
38 1209.04 
39 1225.78 
40 1242.59 
41 1259.25 
42 1275.8 
43 1292.32 
44 1308.87 
45 1325.52 
46 1342.32 
47 1359.29 
48 1376.45 
49 1393.79 
50 1411.28 
51 1428.9 
52 1446.66 
53 1464.62 
54 1482.8 
55 1501.22 
56 1519.91 
57 1538.85 
58 1558.06 
59 1577.49 
60 1597.13 
61 1616.94 
62 1636.93 
63 1657.13 
64 1677.57 
65 1698.26 
66 1719.21 
67 1740.43 
68 1761.94 
69 1783.71 
70 1805.75 
71 1828.06 
72 1850.63 
73 1873.48 
74 1896.63 
75 1920.08 
76 1943.85 
77 1967.92 
78 1992.3 
79 2016.99 
80 2041.97 
81 2067.24 
82 2092.8 
83 2118.66 
84 2144.83 
85 2171.31 
86 2198.1 
87 2225.21 
88 2252.62 
89 2280.35 
90 2308.38 
91 2336.7 
92 2365.31 
93 2394.22 
94 2423.43 
95 2452.93 
96 2482.71 
97 2512.78 
98 2543.12 
99 2573.72 
100 2604.58 
101 2635.68 
102 2667.01 
103 2698.59 
104 2730.41 
105 2762.48 
106 2794.78 
107 2827.31 
108 2860.08 
109 2893.08 
110 2926.29 
111 2959.73 
112 2993.36 
113 3027.2 
114 3061.22 
115 3095.41 
116 3129.76 
117 3164.27 
118 3198.89 
119 3233.64 
120 3268.47 
121 3303.38 
122 3338.36 
123 3373.4 
124 3408.49 
125 3443.63 
126 3478.81 
127 3514.02 
128 3549.24 
129 3584.48 
130 3619.72 
131 3654.94 
132 3690.14 
133 3725.31 
134 3760.43 
135 3795.48 
136 3830.46 
137 3865.34 
138 3900.12 
139 3934.77 
140 3969.28 
141 4003.63 
142 4037.8 
143 4071.8 
144 4105.6 
145 4139.2 
146 4172.59 
147 4205.75 
148 4238.68 
149 4271.35 
150 4303.77 
151 4335.91 
152 4367.76 
153 4399.31 
154 4430.55 
155 4461.46 
156 4492.02 
157 4522.23 
158 4552.06 
159 4581.5 
160 4610.54 
161 4639.15 
162 4667.33 
163 4695.07 
164 4722.36 
165 4749.19 
166 4775.54 
167 4801.42 
168 4826.8 
169 4851.67 
170 4876.04 
171 4899.88 
172 4923.19 
173 4945.96 
174 4968.17 
175 4989.81 
176 5010.88 
177 5031.37 
178 5051.25 
179 5070.53 
180 5089.19 
181 5107.22 
182 5124.61 
183 5141.36 
184 5157.46 
185 5172.91 
186 5187.69 
187 5201.8 
188 5215.25 
189 5228.01 
190 5240.08 
191 5251.47 
192 5262.16 
193 5272.15 
194 5281.44 
195 5290.01 
196 5297.87 
197 5305.01 
198 5311.43 
199 5317.12 
200 5322.07 
201 5326.3 
202 5329.78 
203 5332.53 
204 5334.53 
205 5335.8 
206 5336.33 
207 5336.11 
208 5335.16 
209 5333.47 
210 5331.04 
211 5327.87 
212 5323.97 
213 5319.33 
214 5313.96 
215 5307.86 
216 5301.03 
217 5293.48 
218 5285.21 
219 5276.21 
220 5266.51 
221 5256.09 
222 5244.97 
223 5233.15 
224 5220.64 
225 5207.43 
226 5193.54 
227 5178.97 
228 5163.73 
229 5147.82 
230 5131.26 
231 5114.03 
232 5096.17 
233 5077.66 
234 5058.52 
235 5038.76 
236 5018.38 
237 4997.4 
238 4975.82 
239 4953.66 
240 4930.92 
241 4907.61 
242 4883.74 
243 4859.33 
244 4834.38 
245 4808.91 
246 4782.93 
247 4756.45 
248 4729.49 
249 4702.05 
250 4674.16 
251 4645.82 
252 4617.05 
253 4587.85 
254 4558.24 
255 4528.23 
256 4497.82 
257 4467.04 
258 4435.89 
259 4404.38 
260 4372.53 
261 4340.35 
262 4307.85 
263 4275.04 
264 4241.94 
265 4208.57 
266 4174.93 
267 4141.04 
268 4106.92 
269 4072.57 
270 4038.02 
271 4003.28 
272 3968.37 
273 3933.3 
274 3898.09 
275 3862.75 
276 3827.3 
277 3791.76 
278 3756.14 
279 3720.44 
280 3684.69 
281 3648.89 
282 3613.07 
283 3577.23 
284 3541.38 
285 3505.55 
286 3469.74 
287 3433.97 
288 3398.25 
289 3362.61 
290 3327.04 
291 3291.58 
292 3256.23 
293 3221 
294 3185.93 
295 3151.01 
296 3116.27 
297 3081.72 
298 3047.38 
299 3013.26 
300 2979.39 
301 2945.77 
302 2912.42 
303 2879.34 
304 2846.55 
305 2814.04 
306 2781.83 
307 2749.93 
308 2718.34 
309 2687.07 
310 2656.13 
311 2625.52 
312 2595.25 
313 2565.33 
314 2535.77 
315 2506.57 
316 2477.75 
317 2449.3 
318 2421.23 
319 2393.55 
320 2366.28 
321 2339.4 
322 2312.94 
323 2286.89 
324 2261.27 
325 2236.08 
326 2211.32 
327 2187 
328 2163.13 
329 2139.72 
330 2116.76 
331 2094.27 
332 2072.25 
333 2050.71 
334 2029.65 
335 2009.07 
336 1988.99 
337 1969.4 
338 1950.32 
339 1931.74 
340 1913.67 
341 1896.12 
342 1879.09 
343 1862.59 
344 1846.61 
345 1831.17 
346 1816.26 
347 1801.9 
348 1788.08 
349 1774.81 
350 1762.09 
351 1749.93 
352 1738.33 
353 1727.27 
354 1716.77 
355 1706.82 
356 1697.43 
357 1688.57 
358 1680.27 
359 1672.51 
360 1665.29 
361 1658.61 
362 1652.46 
363 1646.84 
364 1641.76 
365 1637.19 
366 1633.15 
367 1629.63 
368 1626.61 
369 1624.1 
370 1622.1 
371 1620.59 
372 1619.57 
373 1619.04 
374 1618.98 
375 1619.4 
376 1620.28 
377 1621.62 
378 1623.42 
379 1625.66 
380 1628.33 
381 1631.44 
382 1634.96 
383 1638.9 
384 1643.23 
385 1647.97 
386 1653.08 
387 1658.57 
388 1664.43 
389 1670.64 
390 1677.19 
391 1684.07 
392 1691.28 
393 1698.8 
394 1706.61 
395 1714.71 
396 1723.08 
397 1731.71 
398 1740.59 
399 1749.71 
400 1759.04 
401 1768.58 
402 1778.33 
403 1788.26 
404 1798.39 
405 1808.71 
406 1819.2 
407 1829.87 
408 1840.7 
409 1851.7 
410 1862.86 
411 1874.16 
412 1885.6 
413 1897.19 
414 1908.9 
415 1920.74 
416 1932.69 
417 1944.75 
418 1956.91 
419 1969.16 
420 1981.5 
421 1993.92 
422 2006.41 
423 2018.96 
424 2031.57 
425 2044.22 
426 2056.9 
427 2069.62 
428 2082.35 
429 2095.1 
430 2107.84 
431 2120.58 
432 2133.3 
433 2145.98 
434 2158.64 
435 2171.24 
436 2183.78 
437 2196.26 
438 2208.65 
439 2220.96 
440 2233.16 
441 2245.25 
442 2257.21 
443 2269.04 
444 2280.73 
445 2292.25 
446 2303.6 
447 2314.77 
448 2325.75 
449 2336.51 
450 2347.06 
451 2357.37 
452 2367.44 
453 2377.28 
454 2386.89 
455 2396.25 
456 2405.38 
457 2414.26 
458 2422.9 
459 2431.31 
460 2439.47 
461 2447.38 
462 2455.06 
463 2462.48 
464 2469.66 
465 2476.6 
466 2483.29 
467 2489.73 
468 2495.92 
469 2501.87 
470 2507.56 
471 2513.01 
472 2518.21 
473 2523.15 
474 2527.85 
475 2532.29 
476 2536.48 
477 2540.42 
478 2544.11 
479 2547.54 
480 2550.73 
481 2553.66 
482 2556.34 
483 2558.76 
484 2560.93 
485 2562.85 
486 2564.52 
487 2565.93 
488 2567.09 
489 2568 
490 2568.66 
491 2569.06 
492 2569.21 
493 2569.11 
494 2568.76 
495 2568.16 
496 2567.31 
497 2566.2 
498 2564.85 
499 2563.24 
500 2561.39 
501 2559.29 
502 2556.95 
503 2554.37 
504 2551.55 
505 2548.5 
506 2545.22 
507 2541.73 
508 2538.01 
509 2534.09 
510 2529.96 
511 2525.63 
512 2521.1 
513 2516.38 
514 2511.47 
515 2506.39 
516 2501.13 
517 2495.7 
518 2490.11 
519 2484.36 
520 2478.46 
521 2472.42 
522 2466.24 
523 2459.93 
524 2453.49 
525 2446.94 
526 2440.27 
527 2433.5 
528 2426.62 
529 2419.66 
530 2412.62 
531 2405.49 
532 2398.3 
533 2391.04 
534 2383.74 
535 2376.38 
536 2368.98 
537 2361.56 
538 2354.11 
539 2346.65 
540 2339.18 
541 2331.71 
542 2324.26 
543 2316.82 
544 2309.41 
545 2302.04 
546 2294.71 
547 2287.44 
548 2280.23 
549 2273.1 
550 2266.05 
551 2259.09 
552 2252.22 
553 2245.46 
554 2238.8 
555 2232.24 
556 2225.79 
557 2219.46 
558 2213.24 
559 2207.14 
560 2201.16 
561 2195.31 
562 2189.59 
563 2184 
564 2178.55 
565 2173.24 
566 2168.07 
567 2163.05 
568 2158.19 
569 2153.47 
570 2148.92 
571 2144.53 
572 2140.3 
573 2136.25 
574 2132.36 
575 2128.66 
576 2125.14 
577 2121.81 
578 2118.66 
579 2115.71 
580 2112.96 
581 2110.4 
582 2108.06 
583 2105.93 
584 2104.01 
585 2102.3 
586 2100.83 
587 2099.58 
588 2098.56 
589 2097.77 
590 2097.23 
591 2096.93 
592 2096.88 
593 2097.09 
594 2097.55 
595 2098.28 
596 2099.27 
597 2100.53 
598 2102.08 
599 2103.9 
600 2106.01 
601 2108.4 
602 2111.09 
603 2114.06 
604 2117.32 
605 2120.85 
606 2124.67 
607 2128.75 
608 2133.11 
609 2137.74 
610 2142.64 
611 2147.8 
612 2153.22 
613 2158.89 
614 2164.82 
615 2171 
616 2177.43 
617 2184.1 
618 2191.01 
619 2198.15 
620 2205.53 
621 2213.14 
622 2220.97 
623 2229.03 
624 2237.3 
625 2245.79 
626 2254.48 
627 2263.38 
628 2272.49 
629 2281.79 
630 2291.28 
631 2300.96 
632 2310.82 
633 2320.87 
634 2331.08 
635 2341.47 
636 2352.03 
637 2362.74 
638 2373.61 
639 2384.63 
640 2395.79 
641 2407.1 
642 2418.53 
643 2430.1 
644 2441.8 
645 2453.61 
646 2465.54 
647 2477.57 
648 2489.71 
649 2501.94 
650 2514.26 
651 2526.67 
652 2539.16 
653 2551.72 
654 2564.35 
655 2577.04 
656 2589.79 
657 2602.6 
658 2615.45 
659 2628.34 
660 2641.27 
661 2654.22 
662 2667.2 
663 2680.2 
664 2693.2 
665 2706.22 
666 2719.23 
667 2732.23 
668 2745.22 
669 2758.19 
670 2771.14 
671 2784.05 
672 2796.92 
673 2809.74 
674 2822.51 
675 2835.22 
676 2847.87 
677 2860.43 
678 2872.92 
679 2885.32 
680 2897.62 
681 2909.82 
682 2921.91 
683 2933.88 
684 2945.72 
685 2957.43 
686 2969 
687 2980.43 
688 2991.69 
689 3002.79 
690 3013.72 
691 3024.46 
692 3035.02 
693 3045.38 
694 3055.53 
695 3065.47 
696 3075.19 
697 3084.68 
698 3093.92 
699 3102.92 
700 3111.66 
701 3120.14 
702 3128.34 
703 3136.28 
704 3143.95 
705 3151.34 
706 3158.46 
707 3165.31 
708 3171.87 
709 3178.16 
710 3184.17 
711 3189.9 
712 3195.34 
713 3200.5 
714 3205.38 
715 3209.96 
716 3214.26 
717 3218.27 
718 3221.98 
719 3225.4 
720 3228.53 
721 3231.36 
722 3233.89 
723 3236.13 
724 3238.06 
725 3239.69 
726 3241.02 
727 3242.04 
728 3242.75 
729 3243.16 
730 3243.26 
731 3243.04 
732 3242.52 
733 3241.68 
734 3240.52 
735 3239.05 
736 3237.26 
737 3235.16 
738 3232.73 
739 3229.98 
740 3226.9 
741 3223.5 
742 3219.78 
743 3215.72 
744 3211.34 
745 3206.63 
746 3201.58 
747 3196.2 
748 3190.49 
749 3184.44 
750 3178.06 
751 3171.33 
752 3164.27 
753 3156.89 
754 3149.17 
755 3141.13 
756 3132.77 
757 3124.1 
758 3115.12 
759 3105.83 
760 3096.25 
761 3086.36 
762 3076.18 
763 3065.72 
764 3054.97 
765 3043.94 
766 3032.64 
767 3021.07 
768 3009.23 
769 2997.14 
770 2984.79 
771 2972.19 
772 2959.35 
773 2946.26 
774 2932.95 
775 2919.41 
776 2905.64 
777 2891.66 
778 2877.46 
779 2863.06 
780 2848.46 
781 2833.66 
782 2818.67 
783 2803.5 
784 2788.15 
785 2772.64 
786 2756.95 
787 2741.11 
788 2725.11 
789 2708.97 
790 2692.68 
791 2676.26 
792 2659.72 
793 2643.05 
794 2626.27 
795 2609.38 
796 2592.39 
797 2575.3 
798 2558.13 
799 2540.88 
800 2523.55 
801 2506.16 
802 2488.7 
803 2471.19 
804 2453.63 
805 2436.02 
806 2418.36 
807 2400.67 
808 2382.95 
809 2365.2 
810 2347.43 
811 2329.64 
812 2311.84 
813 2294.04 
814 2276.23 
815 2258.43 
816 2240.64 
817 2222.86 
818 2205.1 
819 2187.37 
820 2169.67 
821 2152.01 
822 2134.39 
823 2116.83 
824 2099.31 
825 2081.86 
826 2064.47 
827 2047.16 
828 2029.92 
829 2012.77 
830 1995.71 
831 1978.75 
832 1961.89 
833 1945.14 
834 1928.51 
835 1912 
836 1895.61 
837 1879.37 
838 1863.26 
839 1847.3 
840 1831.5 
841 1815.85 
842 1800.38 
843 1785.08 
844 1769.96 
845 1755.04 
846 1740.3 
847 1725.77 
848 1711.45 
849 1697.35 
850 1683.47 
851 1669.82 
852 1656.41 
853 1643.22 
854 1630.27 
855 1617.55 
856 1605.06 
857 1592.81 
858 1580.8 
859 1569.02 
860 1557.47 
861 1546.17 
862 1535.09 
863 1524.26 
864 1513.66 
865 1503.3 
866 1493.18 
867 1483.3 
868 1473.66 
869 1464.26 
870 1455.1 
871 1446.17 
872 1437.49 
873 1429.05 
874 1420.85 
875 1412.9 
876 1405.18 
877 1397.71 
878 1390.48 
879 1383.49 
880 1376.75 
881 1370.25 
882 1363.99 
883 1357.98 
884 1352.21 
885 1346.69 
886 1341.41 
887 1336.37 
888 1331.58 
889 1327.04 
890 1322.74 
891 1318.69 
892 1314.88 
893 1311.32 
894 1308 
895 1304.94 
896 1302.11 
897 1299.54 
898 1297.21 
899 1295.12 
900 1293.29 
901 1291.7 
902 1290.35 
903 1289.24 
904 1288.37 
905 1287.73 
906 1287.32 
907 1287.14 
908 1287.17 
909 1287.43 
910 1287.9 
911 1288.58 
912 1289.46 
913 1290.55 
914 1291.84 
915 1293.32 
916 1294.99 
917 1296.85 
918 1298.89 
919 1301.11 
920 1303.5 
921 1306.06 
922 1308.79 
923 1311.68 
924 1314.72 
925 1317.92 
926 1321.27 
927 1324.75 
928 1328.38 
929 1332.14 
930 1336.03 
931 1340.04 
932 1344.17 
933 1348.42 
934 1352.78 
935 1357.24 
936 1361.8 
937 1366.46 
938 1371.21 
939 1376.04 
940 1380.95 
941 1385.94 
942 1391 
943 1396.12 
944 1401.3 
945 1406.53 
946 1411.82 
947 1417.14 
948 1422.5 
949 1427.9 
950 1433.31 
951 1438.75 
952 1444.21 
953 1449.68 
954 1455.16 
955 1460.65 
956 1466.15 
957 1471.64 
958 1477.14 
959 1482.63 
960 1488.11 
961 1493.58 
962 1499.03 
963 1504.46 
964 1509.88 
965 1515.26 
966 1520.62 
967 1525.95 
968 1531.24 
969 1536.49 
970 1541.7 
971 1546.86 
972 1551.97 
973 1557.03 
974 1562.03 
975 1566.97 
976 1571.84 
977 1576.64 
978 1581.38 
979 1586.03 
980 1590.61 
981 1595.1 
982 1599.5 
983 1603.81 
984 1608.03 
985 1612.14 
986 1616.15 
987 1620.06 
988 1623.85 
989 1627.52 
990 1631.08 
991 1634.51 
992 1637.81 
993 1640.98 
994 1644.01 
995 1646.9 
996 1649.64 
997 1652.24 
998 1654.67 
999 1656.95 
1000 1659.07 
1001 1661.02 
1002 1662.8 
1003 1664.42 
1004 1665.87 
1005 1667.16 
1006 1668.28 
1007 1669.24 
1008 1670.04 
1009 1670.68 
1010 1671.15 
1011 1671.47 
1012 1671.63 
1013 1671.64 
1014 1671.48 
1015 1671.17 
1016 1670.71 
1017 1670.09 
1018 1669.33 
1019 1668.41 
1020 1667.34 
1021 1666.12 
1022 1664.75 
1023 1663.24 
1024 1661.58 
1025 1659.78 
1026 1657.83 
1027 1655.74 
1028 1653.51 
1029 1651.14 
1030 1648.63 
1031 1645.98 
1032 1643.19 
1033 1640.27 
1034 1637.22 
1035 1634.03 
1036 1630.71 
1037 1627.27 
1038 1623.69 
1039 1619.98 
1040 1616.15 
1041 1612.2 
1042 1608.12 
1043 1603.91 
1044 1599.59 
1045 1595.15 
1046 1590.59 
1047 1585.91 
1048 1581.12 
1049 1576.21 
1050 1571.19 
1051 1566.06 
1052 1560.82 
1053 1555.48 
1054 1550.04 
1055 1544.49 
1056 1538.85 
1057 1533.11 
1058 1527.29 
1059 1521.37 
1060 1515.37 
1061 1509.29 
1062 1503.13 
1063 1496.9 
1064 1490.59 
1065 1484.21 
1066 1477.77 
1067 1471.26 
1068 1464.69 
1069 1458.07 
1070 1451.39 
1071 1444.66 
1072 1437.88 
1073 1431.06 
1074 1424.2 
1075 1417.3 
1076 1410.37 
1077 1403.41 
1078 1396.42 
1079 1389.41 
1080 1382.37 
1081 1375.33 
1082 1368.26 
1083 1361.19 
1084 1354.12 
1085 1347.04 
1086 1339.96 
1087 1332.89 
1088 1325.82 
1089 1318.77 
1090 1311.74 
1091 1304.72 
1092 1297.73 
1093 1290.77 
1094 1283.84 
1095 1276.94 
1096 1270.09 
1097 1263.27 
1098 1256.51 
1099 1249.79 
1100 1243.14 
1101 1236.54 
1102 1230 
1103 1223.52 
1104 1217.11 
1105 1210.76 
1106 1204.48 
1107 1198.27 
1108 1192.13 
1109 1186.06 
1110 1180.06 
1111 1174.14 
1112 1168.3 
1113 1162.54 
1114 1156.85 
1115 1151.25 
1116 1145.73 
1117 1140.29 
1118 1134.94 
1119 1129.68 
1120 1124.51 
1121 1119.44 
1122 1114.45 
1123 1109.56 
1124 1104.77 
1125 1100.08 
1126 1095.48 
1127 1090.99 
1128 1086.6 
1129 1082.32 
1130 1078.15 
1131 1074.08 
1132 1070.13 
1133 1066.29 
1134 1062.57 
1135 1058.96 
1136 1055.47 
1137 1052.1 
1138 1048.85 
1139 1045.72 
1140 1042.73 
1141 1039.86 
1142 1037.12 
1143 1034.51 
1144 1032.03 
1145 1029.69 
1146 1027.49 
1147 1025.43 
1148 1023.51 
1149 1021.73 
1150 1020.1 
1151 1018.61 
1152 1017.27 
1153 1016.07 
1154 1015.02 
1155 1014.11 
1156 1013.33 
1157 1012.7 
1158 1012.19 
1159 1011.83 
1160 1011.59 
1161 1011.49 
1162 1011.51 
1163 1011.66 
1164 1011.94 
1165 1012.33 
1166 1012.85 
1167 1013.49 
1168 1014.25 
1169 1015.12 
1170 1016.11 
1171 1017.21 
1172 1018.41 
1173 1019.73 
1174 1021.15 
1175 1022.68 
1176 1024.3 
1177 1026.03 
1178 1027.86 
1179 1029.78 
1180 1031.79 
1181 1033.9 
1182 1036.09 
1183 1038.38 
1184 1040.75 
1185 1043.2 
1186 1045.73 
1187 1048.34 
1188 1051.03 
1189 1053.79 
1190 1056.62 
1191 1059.53 
1192 1062.5 
1193 1065.54 
1194 1068.64 
1195 1071.8 
1196 1075.02 
1197 1078.29 
1198 1081.62 
1199 1085 
1200 1088.43 
1201 1091.9 
1202 1095.42 
1203 1098.98 
1204 1102.58 
1205 1106.22 
1206 1109.89 
1207 1113.6 
1208 1117.34 
1209 1121.1 
1210 1124.89 
1211 1128.7 
1212 1132.54 
1213 1136.39 
1214 1140.26 
1215 1144.15 
1216 1148.04 
1217 1151.95 
1218 1155.86 
1219 1159.78 
1220 1163.69 
1221 1167.61 
1222 1171.52 
1223 1175.43 
1224 1179.33 
1225 1183.21 
1226 1187.09 
1227 1190.94 
1228 1194.78 
1229 1198.6 
1230 1202.39 
1231 1206.16 
1232 1209.89 
1233 1213.6 
1234 1217.27 
1235 1220.9 
1236 1224.49 
1237 1228.03 
1238 1231.53 
1239 1234.98 
1240 1238.38 
1241 1241.73 
1242 1245.02 
1243 1248.24 
1244 1251.41 
1245 1254.5 
1246 1257.53 
1247 1260.49 
1248 1263.37 
1249 1266.17 
1250 1268.89 
1251 1271.53 
1252 1274.09 
1253 1276.55 
1254 1278.93 
1255 1281.23 
1256 1283.43 
1257 1285.55 
1258 1287.58 
1259 1289.51 
1260 1291.36 
1261 1293.11 
1262 1294.77 
1263 1296.34 
1264 1297.81 
1265 1299.19 
1266 1300.47 
1267 1301.65 
1268 1302.74 
1269 1303.72 
1270 1304.61 
1271 1305.39 
1272 1306.08 
1273 1306.66 
1274 1307.14 
1275 1307.52 
1276 1307.79 
1277 1307.95 
1278 1308.01 
1279 1307.96 
1280 1307.81 
1281 1307.54 
1282 1307.16 
1283 1306.68 
1284 1306.08 
1285 1305.37 
1286 1304.54 
1287 1303.6 
1288 1302.55 
1289 1301.37 
1290 1300.08 
1291 1298.68 
1292 1297.15 
1293 1295.51 
1294 1293.74 
1295 1291.85 
1296 1289.84 
1297 1287.7 
1298 1285.44 
1299 1283.06 
1300 1280.55 
1301 1277.91 
1302 1275.14 
1303 1272.25 
1304 1269.24 
1305 1266.11 
1306 1262.86 
1307 1259.49 
1308 1256.01 
1309 1252.42 
1310 1248.71 
1311 1244.89 
1312 1240.97 
1313 1236.94 
1314 1232.81 
1315 1228.57 
1316 1224.23 
1317 1219.8 
1318 1215.27 
1319 1210.64 
1320 1205.93 
1321 1201.12 
1322 1196.22 
1323 1191.24 
1324 1186.17 
1325 1181.02 
1326 1175.79 
1327 1170.48 
1328 1165.1 
1329 1159.64 
1330 1154.11 
1331 1148.51 
1332 1142.84 
1333 1137.11 
1334 1131.31 
1335 1125.46 
1336 1119.54 
1337 1113.56 
1338 1107.54 
1339 1101.45 
1340 1095.32 
1341 1089.14 
1342 1082.92 
1343 1076.65 
1344 1070.34 
1345 1063.99 
1346 1057.61 
1347 1051.19 
1348 1044.74 
1349 1038.26 
1350 1031.76 
1351 1025.23 
1352 1018.67 
1353 1012.1 
1354 1005.5 
1355 998.894 
1356 992.269 
1357 985.632 
1358 978.983 
1359 972.325 
1360 965.66 
1361 958.99 
1362 952.316 
1363 945.642 
1364 938.969 
1365 932.299 
1366 925.634 
1367 918.977 
1368 912.328 
1369 905.691 
1370 899.068 
1371 892.46 
1372 885.869 
1373 879.299 
1374 872.751 
1375 866.227 
1376 859.729 
1377 853.26 
1378 846.821 
1379 840.416 
1380 834.046 
1381 827.713 
1382 821.42 
1383 815.169 
1384 808.962 
1385 802.801 
1386 796.69 
1387 790.629 
1388 784.622 
1389 778.671 
1390 772.778 
1391 766.945 
1392 761.175 
1393 755.471 
1394 749.834 
1395 744.267 
1396 738.772 
1397 733.353 
1398 728.011 
1399 722.748 
1400 717.568 
1401 712.472 
1402 707.461 
1403 702.534 
1404 697.692 
1405 692.935 
1406 688.263 
1407 683.675 
1408 679.171 
1409 674.752 
1410 670.418 
1411 666.168 
1412 662.002 
1413 657.921 
1414 653.924 
1415 650.012 
1416 646.184 
1417 642.439 
1418 638.779 
1419 635.203 
1420 631.711 
1421 628.304 
1422 624.979 
1423 621.739 
1424 618.583 
1425 615.51 
1426 612.521 
1427 609.616 
1428 606.794 
1429 604.055 
1430 601.4 
1431 598.828 
1432 596.34 
1433 593.934 
1434 591.612 
1435 589.372 
1436 587.216 
1437 585.142 
1438 583.151 
1439 581.242 
1440 579.416 
1441 577.672 
1442 576.011 
1443 574.432 
1444 572.935 
1445 571.52 
1446 570.187 
1447 568.936 
1448 567.766 
1449 566.678 
1450 565.672 
1451 564.746 
1452 563.901 
1453 563.135 
1454 562.446 
1455 561.834 
1456 561.298 
1457 560.835 
1458 560.446 
1459 560.128 
1460 559.881 
1461 559.703 
1462 559.593 
1463 559.55 
1464 559.572 
1465 559.658 
1466 559.807 
1467 560.018 
1468 560.289 
1469 560.619 
1470 561.007 
1471 561.451 
1472 561.949 
1473 562.502 
1474 563.107 
1475 563.763 
1476 564.468 
1477 565.222 
1478 566.022 
1479 566.868 
1480 567.758 
1481 568.69 
1482 569.664 
1483 570.677 
1484 571.729 
1485 572.817 
1486 573.941 
1487 575.099 
1488 576.29 
1489 577.511 
1490 578.762 
1491 580.041 
1492 581.347 
1493 582.677 
1494 584.031 
1495 585.407 
1496 586.804 
1497 588.219 
1498 589.652 
1499 591.101 
1500 592.564 
1501 594.039 
1502 595.526 
1503 597.023 
1504 598.529 
1505 600.043 
1506 601.563 
1507 603.088 
1508 604.616 
1509 606.148 
1510 607.681 
1511 609.213 
1512 610.744 
1513 612.273 
1514 613.797 
1515 615.316 
1516 616.829 
1517 618.333 
1518 619.828 
1519 621.313 
1520 622.785 
1521 624.244 
1522 625.688 
1523 627.116 
1524 628.526 
1525 629.917 
1526 631.288 
1527 632.636 
1528 633.962 
1529 635.263 
1530 636.538 
1531 637.785 
1532 639.003 
1533 640.191 
1534 641.347 
1535 642.469 
1536 643.557 
1537 644.608 
1538 645.621 
1539 646.595 
1540 647.529 
1541 648.419 
1542 649.266 
1543 650.068 
1544 650.822 
1545 651.528 
1546 652.185 
1547 652.789 
1548 653.34 
1549 653.837 
1550 654.277 
1551 654.66 
1552 654.985 
1553 655.252 
1554 655.463 
1555 655.617 
1556 655.714 
1557 655.754 
1558 655.739 
1559 655.667 
1560 655.541 
1561 655.358 
1562 655.121 
1563 654.829 
1564 654.483 
1565 654.082 
1566 653.627 
1567 653.119 
1568 652.557 
1569 651.942 
1570 651.275 
1571 650.555 
1572 649.782 
1573 648.958 
1574 648.082 
1575 647.155 
1576 646.177 
1577 645.148 
1578 644.069 
1579 642.939 
1580 641.76 
1581 640.531 
1582 639.253 
1583 637.927 
1584 636.551 
1585 635.128 
1586 633.656 
1587 632.137 
1588 630.571 
1589 628.958 
1590 627.298 
1591 625.592 
1592 623.84 
1593 622.043 
1594 620.2 
1595 618.313 
1596 616.381 
1597 614.404 
1598 612.384 
1599 610.321 
1600 608.214 
1601 606.065 
1602 603.874 
1603 601.642 
1604 599.372 
1605 597.063 
1606 594.717 
1607 592.335 
1608 589.919 
1609 587.47 
1610 584.988 
1611 582.475 
1612 579.932 
1613 577.361 
1614 574.763 
1615 572.138 
1616 569.488 
1617 566.815 
1618 564.12 
1619 561.403 
1620 558.666 
1621 555.911 
1622 553.138 
1623 550.35 
1624 547.546 
1625 544.729 
1626 541.9 
1627 539.06 
1628 536.211 
1629 533.353 
1630 530.489 
1631 527.618 
1632 524.744 
1633 521.867 
1634 518.988 
1635 516.109 
1636 513.231 
1637 510.356 
1638 507.484 
1639 504.618 
1640 501.759 
1641 498.908 
1642 496.066 
1643 493.235 
1644 490.417 
1645 487.613 
1646 484.823 
1647 482.051 
1648 479.296 
1649 476.561 
1650 473.847 
1651 471.155 
1652 468.487 
1653 465.841 
1654 463.219 
1655 460.62 
1656 458.046 
1657 455.497 
1658 452.972 
1659 450.473 
1660 448 
1661 445.552 
1662 443.131 
1663 440.737 
1664 438.369 
1665 436.029 
1666 433.717 
1667 431.434 
1668 429.178 
1669 426.952 
1670 424.755 
1671 422.588 
1672 420.45 
1673 418.343 
1674 416.267 
1675 414.223 
1676 412.209 
1677 410.228 
1678 408.279 
1679 406.363 
1680 404.479 
1681 402.63 
1682 400.814 
1683 399.032 
1684 397.285 
1685 395.573 
1686 393.897 
1687 392.256 
1688 390.652 
1689 389.084 
1690 387.553 
1691 386.06 
1692 384.604 
1693 383.187 
1694 381.808 
1695 380.469 
1696 379.169 
1697 377.908 
1698 376.688 
1699 375.509 
1700 374.37 
1701 373.273 
1702 372.218 
1703 371.203 
1704 370.228 
1705 369.294 
1706 368.399 
1707 367.544 
1708 366.728 
1709 365.95 
1710 365.211 
1711 364.51 
1712 363.846 
1713 363.22 
1714 362.631 
1715 362.078 
1716 361.561 
1717 361.08 
1718 360.635 
1719 360.224 
1720 359.848 
1721 359.507 
1722 359.199 
1723 358.924 
1724 358.683 
1725 358.475 
1726 358.299 
1727 358.154 
1728 358.042 
1729 357.96 
1730 357.909 
1731 357.888 
1732 357.897 
1733 357.936 
1734 358.004 
1735 358.1 
1736 358.225 
1737 358.378 
1738 358.558 
1739 358.764 
1740 358.998 
1741 359.258 
1742 359.543 
1743 359.853 
1744 360.189 
1745 360.548 
1746 360.932 
1747 361.339 
1748 361.77 
1749 362.222 
1750 362.698 
1751 363.194 
1752 363.712 
1753 364.25 
1754 364.808 
1755 365.386 
1756 365.981 
1757 366.595 
1758 367.225 
1759 367.872 
1760 368.535 
1761 369.214 
1762 369.906 
1763 370.613 
1764 371.332 
1765 372.064 
1766 372.808 
1767 373.563 
1768 374.328 
1769 375.103 
1770 375.887 
1771 376.679 
1772 377.479 
1773 378.285 
1774 379.098 
1775 379.916 
1776 380.739 
1777 381.566 
1778 382.396 
1779 383.229 
1780 384.064 
1781 384.899 
1782 385.735 
1783 386.571 
1784 387.405 
1785 388.238 
1786 389.068 
1787 389.894 
1788 390.716 
1789 391.534 
1790 392.345 
1791 393.151 
1792 393.949 
1793 394.738 
1794 395.52 
1795 396.291 
1796 397.053 
1797 397.803 
1798 398.541 
1799 399.266 
1800 399.978 
1801 400.676 
1802 401.359 
1803 402.026 
1804 402.678 
1805 403.314 
1806 403.934 
1807 404.537 
1808 405.122 
1809 405.689 
1810 406.239 
1811 406.769 
1812 407.281 
1813 407.773 
1814 408.245 
1815 408.697 
1816 409.128 
1817 409.537 
1818 409.925 
1819 410.291 
1820 410.634 
1821 410.953 
1822 411.25 
1823 411.522 
1824 411.769 
1825 411.992 
1826 412.189 
1827 412.36 
1828 412.505 
1829 412.624 
1830 412.714 
1831 412.777 
1832 412.812 
1833 412.818 
1834 412.795 
1835 412.742 
1836 412.659 
1837 412.545 
1838 412.4 
1839 412.224 
1840 412.015 
1841 411.774 
1842 411.5 
1843 411.192 
1844 410.85 
1845 410.473 
1846 410.061 
1847 409.614 
1848 409.13 
1849 408.61 
1850 408.053 
1851 407.458 
1852 406.826 
1853 406.157 
1854 405.452 
1855 404.71 
1856 403.932 
1857 403.119 
1858 402.271 
1859 401.388 
1860 400.471 
1861 399.519 
1862 398.534 
1863 397.516 
1864 396.464 
1865 395.381 
1866 394.265 
1867 393.117 
1868 391.938 
1869 390.728 
1870 389.487 
1871 388.216 
1872 386.916 
1873 385.585 
1874 384.226 
1875 382.838 
1876 381.422 
1877 379.978 
1878 378.507 
1879 377.008 
1880 375.483 
1881 373.932 
1882 372.355 
1883 370.752 
1884 369.124 
1885 367.472 
1886 365.796 
1887 364.096 
1888 362.373 
1889 360.626 
1890 358.858 
1891 357.067 
1892 355.255 
1893 353.421 
1894 351.567 
1895 349.692 
1896 347.798 
1897 345.884 
1898 343.951 
1899 342 
1900 340.031 
1901 338.044 
1902 336.04 
1903 334.02 
1904 331.986 
1905 329.937 
1906 327.875 
1907 325.801 
1908 323.716 
1909 321.62 
1910 319.514 
1911 317.4 
1912 315.278 
1913 313.15 
1914 311.015 
1915 308.876 
1916 306.732 
1917 304.586 
1918 302.437 
1919 300.288 
1920 298.138 
1921 295.989 
1922 293.842 
1923 291.697 
1924 289.556 
1925 287.42 
1926 285.289 
1927 283.165 
1928 281.049 
1929 278.941 
1930 276.842 
1931 274.755 
1932 272.679 
1933 270.615 
1934 268.565 
1935 266.529 
1936 264.51 
1937 262.507 
1938 260.521 
1939 258.554 
1940 256.607 
1941 254.681 
1942 252.776 
1943 250.895 
1944 249.037 
1945 247.204 
1946 245.397 
1947 243.618 
1948 241.866 
1949 240.144 
1950 238.452 
1951 236.791 
1952 235.161 
1953 233.561 
1954 231.99 
1955 230.449 
1956 228.935 
1957 227.45 
1958 225.992 
1959 224.56 
1960 223.154 
1961 221.773 
1962 220.417 
1963 219.085 
1964 217.776 
1965 216.49 
1966 215.226 
1967 213.984 
1968 212.762 
1969 211.56 
1970 210.378 
1971 209.215 
1972 208.07 
1973 206.942 
1974 205.832 
1975 204.737 
1976 203.658 
1977 202.594 
1978 201.544 
1979 200.508 
1980 199.484 
1981 198.473 
1982 197.473 
1983 196.484 
1984 195.505 
1985 194.535 
1986 193.574 
1987 192.621 
1988 191.675 
1989 190.736 
1990 189.803 
1991 188.875 
1992 187.951 
1993 187.031 
1994 186.114 
1995 185.2 
1996 184.287 
1997 183.375 
1998 182.463 
1999 181.55 
2000 180.636 
