2 1027.6 
3 963.681 
4 919.722 
5 896.53 
6 881.496 
7 873.223 
8 869.993 
9 870.191 
10 874.411 
11 880.523 
12 888.804 
13 898.068 
14 909.283 
15 922.355 
16 935.241 
17 948.604 
18 963.558 
19 980.4 
20 998.4 
21 1016.21 
22 1033.96 
23 1052.12 
24 1070.91 
25 1090.25 
26 1109.9 
27 1129.96 
28 1150.55 
29 1171.61 
30 1192.93 
31 1214.21 
32 1235.55 
33 1257.15 
34 1279.19 
35 1301.77 
36 1324.97 
37 1348.8 
38 1373.19 
39 1398.03 
40 1423.11 
41 1448.21 
42 1473.37 
43 1498.65 
44 1524.13 
45 1549.87 
46 1575.91 
47 1602.28 
48 1629 
49 1656.05 
50 1683.4 
51 1711.03 
52 1738.96 
53 1767.22 
54 1795.86 
55 1824.89 
56 1854.33 
57 1884.17 
58 1914.4 
59 1945.01 
60 1975.96 
61 2007.23 
62 2038.81 
63 2070.74 
64 2103.04 
65 2135.73 
66 2168.81 
67 2202.31 
68 2236.2 
69 2270.51 
70 2305.21 
71 2340.3 
72 2375.79 
73 2411.69 
74 2448.01 
75 2484.76 
76 2521.95 
77 2559.57 
78 2597.63 
79 2636.12 
80 2675.02 
81 2714.34 
82 2754.06 
83 2794.21 
84 2834.79 
85 2875.81 
86 2917.25 
87 2959.14 
88 3001.45 
89 3044.19 
90 3087.35 
91 3130.93 
92 3174.91 
93 3219.32 
94 3264.13 
95 3309.35 
96 3354.98 
97 3401.01 
98 3447.42 
99 3494.22 
100 3541.39 
101 3588.92 
102 3636.8 
103 3685.04 
104 3733.63 
105 3782.58 
106 3831.88 
107 3881.53 
108 3931.53 
109 3981.87 
110 4032.54 
111 4083.54 
112 4134.86 
113 4186.48 
114 4238.4 
115 4290.6 
116 4343.08 
117 4395.81 
118 4448.78 
119 4501.96 
120 4555.35 
121 4608.93 
122 4662.67 
123 4716.59 
124 4770.66 
125 4824.88 
126 4879.24 
127 4933.73 
128 4988.34 
129 5043.06 
130 5097.88 
131 5152.78 
132 5207.76 
133 5262.79 
134 5317.87 
135 5372.97 
136 5428.09 
137 5483.21 
138 5538.3 
139 5593.35 
140 5648.35 
141 5703.26 
142 5758.08 
143 5812.8 
144 5867.41 
145 5921.88 
146 5976.21 
147 6030.39 
148 6084.39 
149 6138.21 
150 6191.83 
151 6245.23 
152 6298.4 
153 6351.32 
154 6403.98 
155 6456.36 
156 6508.44 
157 6560.2 
158 6611.62 
159 6662.69 
160 6713.39 
161 6763.69 
162 6813.58 
163 6863.05 
164 6912.09 
165 6960.68 
166 7008.8 
167 7056.45 
168 7103.61 
169 7150.27 
170 7196.4 
171 7242.01 
172 7287.06 
173 7331.55 
174 7375.46 
175 7418.78 
176 7461.49 
177 7503.57 
178 7545.01 
179 7585.8 
180 7625.91 
181 7665.33 
182 7704.06 
183 7742.07 
184 7779.36 
185 7815.91 
186 7851.71 
187 7886.76 
188 7921.04 
189 7954.54 
190 7987.25 
191 8019.16 
192 8050.25 
193 8080.52 
194 8109.95 
195 8138.53 
196 8166.26 
197 8193.12 
198 8219.1 
199 8244.19 
200 8268.39 
201 8291.67 
202 8314.03 
203 8335.47 
204 8355.98 
205 8375.55 
206 8394.18 
207 8411.86 
208 8428.58 
209 8444.34 
210 8459.13 
211 8472.96 
212 8485.8 
213 8497.67 
214 8508.55 
215 8518.44 
216 8527.34 
217 8535.24 
218 8542.14 
219 8548.04 
220 8552.93 
221 8556.82 
222 8559.69 
223 8561.55 
224 8562.39 
225 8562.21 
226 8561.02 
227 8558.81 
228 8555.58 
229 8551.34 
230 8546.08 
231 8539.8 
232 8532.52 
233 8524.22 
234 8514.91 
235 8504.61 
236 8493.29 
237 8480.99 
238 8467.68 
239 8453.39 
240 8438.11 
241 8421.85 
242 8404.62 
243 8386.42 
244 8367.25 
245 8347.13 
246 8326.06 
247 8304.05 
248 8281.1 
249 8257.23 
250 8232.43 
251 8206.73 
252 8180.13 
253 8152.63 
254 8124.24 
255 8094.97 
256 8064.84 
257 8033.83 
258 8001.98 
259 7969.28 
260 7935.75 
261 7901.39 
262 7866.22 
263 7830.25 
264 7793.48 
265 7755.93 
266 7717.62 
267 7678.55 
268 7638.73 
269 7598.18 
270 7556.92 
271 7514.95 
272 7472.3 
273 7428.96 
274 7384.97 
275 7340.33 
276 7295.07 
277 7249.19 
278 7202.7 
279 7155.63 
280 7107.98 
281 7059.78 
282 7011.02 
283 6961.74 
284 6911.94 
285 6861.64 
286 6810.86 
287 6759.61 
288 6707.91 
289 6655.78 
290 6603.22 
291 6550.28 
292 6496.95 
293 6443.25 
294 6389.22 
295 6334.86 
296 6280.19 
297 6225.24 
298 6170.02 
299 6114.56 
300 6058.87 
301 6002.98 
302 5946.9 
303 5890.64 
304 5834.21 
305 5777.63 
306 5720.9 
307 5664.04 
308 5607.07 
309 5549.99 
310 5492.82 
311 5435.56 
312 5378.24 
313 5320.87 
314 5263.45 
315 5206.01 
316 5148.55 
317 5091.09 
318 5033.64 
319 4976.21 
320 4918.83 
321 4861.5 
322 4804.23 
323 4747.05 
324 4689.96 
325 4632.98 
326 4576.13 
327 4519.41 
328 4462.85 
329 4406.45 
330 4350.23 
331 4294.22 
332 4238.41 
333 4182.83 
334 4127.49 
335 4072.41 
336 4017.6 
337 3963.08 
338 3908.86 
339 3854.96 
340 3801.4 
341 3748.18 
342 3695.34 
343 3642.87 
344 3590.8 
345 3539.15 
346 3487.93 
347 3437.16 
348 3386.86 
349 3337.03 
350 3287.7 
351 3238.89 
352 3190.59 
353 3142.82 
354 3095.59 
355 3048.9 
356 3002.75 
357 2957.15 
358 2912.11 
359 2867.64 
360 2823.73 
361 2780.39 
362 2737.63 
363 2695.46 
364 2653.87 
365 2612.88 
366 2572.48 
367 2532.69 
368 2493.5 
369 2454.91 
370 2416.95 
371 2379.59 
372 2342.86 
373 2306.75 
374 2271.27 
375 2236.41 
376 2202.19 
377 2168.6 
378 2135.65 
379 2103.34 
380 2071.66 
381 2040.63 
382 2010.25 
383 1980.51 
384 1951.41 
385 1922.96 
386 1895.17 
387 1868.02 
388 1841.51 
389 1815.66 
390 1790.46 
391 1765.91 
392 1742 
393 1718.75 
394 1696.14 
395 1674.18 
396 1652.86 
397 1632.18 
398 1612.15 
399 1592.76 
400 1574 
401 1555.88 
402 1538.39 
403 1521.53 
404 1505.3 
405 1489.7 
406 1474.72 
407 1460.36 
408 1446.62 
409 1433.49 
410 1420.97 
411 1409.05 
412 1397.74 
413 1387.02 
414 1376.9 
415 1367.36 
416 1358.41 
417 1350.03 
418 1342.22 
419 1334.98 
420 1328.3 
421 1322.17 
422 1316.59 
423 1311.54 
424 1307.03 
425 1303.04 
426 1299.57 
427 1296.61 
428 1294.15 
429 1292.19 
430 1290.71 
431 1289.7 
432 1289.16 
433 1289.07 
434 1289.44 
435 1290.23 
436 1291.46 
437 1293.1 
438 1295.15 
439 1297.59 
440 1300.41 
441 1303.61 
442 1307.16 
443 1311.06 
444 1315.29 
445 1319.85 
446 1324.71 
447 1329.87 
448 1335.31 
449 1341.02 
450 1346.97 
451 1353.17 
452 1359.61 
453 1366.27 
454 1373.15 
455 1380.25 
456 1387.57 
457 1395.09 
458 1402.81 
459 1410.73 
460 1418.84 
461 1427.14 
462 1435.61 
463 1444.25 
464 1453.06 
465 1462.03 
466 1471.15 
467 1480.41 
468 1489.82 
469 1499.35 
470 1509.01 
471 1518.79 
472 1528.67 
473 1538.66 
474 1548.74 
475 1558.91 
476 1569.15 
477 1579.47 
478 1589.84 
479 1600.27 
480 1610.74 
481 1621.25 
482 1631.79 
483 1642.34 
484 1652.9 
485 1663.46 
486 1674.01 
487 1684.54 
488 1695.04 
489 1705.49 
490 1715.9 
491 1726.25 
492 1736.53 
493 1746.72 
494 1756.82 
495 1766.82 
496 1776.71 
497 1786.47 
498 1796.09 
499 1805.56 
500 1814.88 
501 1824.02 
502 1832.99 
503 1841.79 
504 1850.41 
505 1858.85 
506 1867.12 
507 1875.21 
508 1883.13 
509 1890.86 
510 1898.42 
511 1905.79 
512 1912.98 
513 1919.99 
514 1926.82 
515 1933.46 
516 1939.92 
517 1946.19 
518 1952.27 
519 1958.17 
520 1963.88 
521 1969.41 
522 1974.74 
523 1979.89 
524 1984.85 
525 1989.61 
526 1994.18 
527 1998.57 
528 2002.76 
529 2006.75 
530 2010.56 
531 2014.17 
532 2017.59 
533 2020.81 
534 2023.83 
535 2026.66 
536 2029.3 
537 2031.74 
538 2033.98 
539 2036.02 
540 2037.87 
541 2039.52 
542 2040.97 
543 2042.22 
544 2043.28 
545 2044.13 
546 2044.79 
547 2045.24 
548 2045.5 
549 2045.56 
550 2045.41 
551 2045.07 
552 2044.53 
553 2043.8 
554 2042.88 
555 2041.77 
556 2040.48 
557 2039.02 
558 2037.38 
559 2035.56 
560 2033.59 
561 2031.44 
562 2029.15 
563 2026.69 
564 2024.09 
565 2021.34 
566 2018.46 
567 2015.43 
568 2012.28 
569 2009 
570 2005.59 
571 2002.07 
572 1998.44 
573 1994.7 
574 1990.86 
575 1986.92 
576 1982.89 
577 1978.77 
578 1974.57 
579 1970.3 
580 1965.96 
581 1961.55 
582 1957.09 
583 1952.57 
584 1948 
585 1943.4 
586 1938.76 
587 1934.09 
588 1929.4 
589 1924.7 
590 1919.98 
591 1915.26 
592 1910.55 
593 1905.84 
594 1901.15 
595 1896.49 
596 1891.86 
597 1887.26 
598 1882.71 
599 1878.21 
600 1873.77 
601 1869.4 
602 1865.09 
603 1860.86 
604 1856.7 
605 1852.62 
606 1848.62 
607 1844.71 
608 1840.88 
609 1837.15 
610 1833.5 
611 1829.96 
612 1826.51 
613 1823.17 
614 1819.93 
615 1816.8 
616 1813.79 
617 1810.89 
618 1808.11 
619 1805.45 
620 1802.92 
621 1800.52 
622 1798.25 
623 1796.12 
624 1794.13 
625 1792.28 
626 1790.58 
627 1789.04 
628 1787.64 
629 1786.4 
630 1785.33 
631 1784.42 
632 1783.68 
633 1783.11 
634 1782.72 
635 1782.52 
636 1782.49 
637 1782.66 
638 1783.02 
639 1783.57 
640 1784.32 
641 1785.28 
642 1786.45 
643 1787.83 
644 1789.43 
645 1791.25 
646 1793.3 
647 1795.57 
648 1798.08 
649 1800.83 
650 1803.82 
651 1807.06 
652 1810.54 
653 1814.26 
654 1818.23 
655 1822.44 
656 1826.88 
657 1831.57 
658 1836.48 
659 1841.63 
660 1847.02 
661 1852.63 
662 1858.47 
663 1864.53 
664 1870.82 
665 1877.32 
666 1884.05 
667 1890.99 
668 1898.15 
669 1905.52 
670 1913.09 
671 1920.88 
672 1928.87 
673 1937.06 
674 1945.45 
675 1954.04 
676 1962.82 
677 1971.8 
678 1980.96 
679 1990.31 
680 1999.84 
681 2009.56 
682 2019.45 
683 2029.52 
684 2039.75 
685 2050.16 
686 2060.73 
687 2071.47 
688 2082.36 
689 2093.41 
690 2104.62 
691 2115.97 
692 2127.47 
693 2139.11 
694 2150.89 
695 2162.8 
696 2174.85 
697 2187.03 
698 2199.33 
699 2211.76 
700 2224.3 
701 2236.95 
702 2249.71 
703 2262.58 
704 2275.55 
705 2288.61 
706 2301.76 
707 2315 
708 2328.32 
709 2341.71 
710 2355.18 
711 2368.71 
712 2382.3 
713 2395.95 
714 2409.64 
715 2423.38 
716 2437.16 
717 2450.98 
718 2464.82 
719 2478.68 
720 2492.57 
721 2506.46 
722 2520.36 
723 2534.26 
724 2548.16 
725 2562.04 
726 2575.9 
727 2589.74 
728 2603.55 
729 2617.33 
730 2631.06 
731 2644.75 
732 2658.38 
733 2671.94 
734 2685.44 
735 2698.87 
736 2712.22 
737 2725.47 
738 2738.64 
739 2751.7 
740 2764.65 
741 2777.49 
742 2790.2 
743 2802.79 
744 2815.24 
745 2827.55 
746 2839.7 
747 2851.7 
748 2863.53 
749 2875.19 
750 2886.67 
751 2897.96 
752 2909.06 
753 2919.97 
754 2930.68 
755 2941.19 
756 2951.51 
757 2961.61 
758 2971.51 
759 2981.21 
760 2990.69 
761 2999.95 
762 3009 
763 3017.83 
764 3026.44 
765 3034.82 
766 3042.97 
767 3050.9 
768 3058.58 
769 3066.04 
770 3073.25 
771 3080.22 
772 3086.95 
773 3093.43 
774 3099.66 
775 3105.63 
776 3111.35 
777 3116.81 
778 3122.01 
779 3126.94 
780 3131.6 
781 3136 
782 3140.11 
783 3143.96 
784 3147.52 
785 3150.8 
786 3153.79 
787 3156.49 
788 3158.91 
789 3161.02 
790 3162.84 
791 3164.36 
792 3165.57 
793 3166.47 
794 3167.07 
795 3167.35 
796 3167.31 
797 3166.95 
798 3166.27 
799 3165.26 
800 3163.92 
801 3162.25 
802 3160.24 
803 3157.91 
804 3155.25 
805 3152.26 
806 3148.96 
807 3145.32 
808 3141.38 
809 3137.11 
810 3132.53 
811 3127.64 
812 3122.43 
813 3116.92 
814 3111.11 
815 3104.99 
816 3098.57 
817 3091.85 
818 3084.84 
819 3077.53 
820 3069.94 
821 3062.06 
822 3053.89 
823 3045.44 
824 3036.71 
825 3027.71 
826 3018.43 
827 3008.88 
828 2999.07 
829 2988.98 
830 2978.64 
831 2968.04 
832 2957.19 
833 2946.08 
834 2934.72 
835 2923.12 
836 2911.27 
837 2899.19 
838 2886.86 
839 2874.31 
840 2861.53 
841 2848.52 
842 2835.29 
843 2821.84 
844 2808.18 
845 2794.3 
846 2780.22 
847 2765.94 
848 2751.45 
849 2736.77 
850 2721.89 
851 2706.83 
852 2691.58 
853 2676.16 
854 2660.56 
855 2644.79 
856 2628.85 
857 2612.76 
858 2596.51 
859 2580.11 
860 2563.56 
861 2546.88 
862 2530.06 
863 2513.11 
864 2496.03 
865 2478.84 
866 2461.53 
867 2444.11 
868 2426.59 
869 2408.97 
870 2391.26 
871 2373.46 
872 2355.59 
873 2337.63 
874 2319.61 
875 2301.52 
876 2283.38 
877 2265.18 
878 2246.93 
879 2228.65 
880 2210.33 
881 2191.99 
882 2173.62 
883 2155.23 
884 2136.84 
885 2118.44 
886 2100.05 
887 2081.67 
888 2063.3 
889 2044.96 
890 2026.64 
891 2008.36 
892 1990.12 
893 1971.94 
894 1953.81 
895 1935.74 
896 1917.74 
897 1899.82 
898 1881.98 
899 1864.24 
900 1846.59 
901 1829.05 
902 1811.62 
903 1794.29 
904 1777.08 
905 1759.99 
906 1743.01 
907 1726.16 
908 1709.43 
909 1692.82 
910 1676.35 
911 1660.01 
912 1643.8 
913 1627.72 
914 1611.79 
915 1596 
916 1580.36 
917 1564.87 
918 1549.52 
919 1534.33 
920 1519.3 
921 1504.42 
922 1489.71 
923 1475.17 
924 1460.79 
925 1446.58 
926 1432.55 
927 1418.7 
928 1405.02 
929 1391.53 
930 1378.22 
931 1365.1 
932 1352.18 
933 1339.45 
934 1326.92 
935 1314.59 
936 1302.46 
937 1290.54 
938 1278.83 
939 1267.34 
940 1256.06 
941 1245 
942 1234.16 
943 1223.56 
944 1213.18 
945 1203.03 
946 1193.12 
947 1183.45 
948 1174.02 
949 1164.84 
950 1155.91 
951 1147.23 
952 1138.8 
953 1130.62 
954 1122.69 
955 1115.01 
956 1107.57 
957 1100.38 
958 1093.43 
959 1086.72 
960 1080.26 
961 1074.03 
962 1068.04 
963 1062.28 
964 1056.76 
965 1051.48 
966 1046.42 
967 1041.59 
968 1037 
969 1032.62 
970 1028.48 
971 1024.55 
972 1020.85 
973 1017.36 
974 1014.1 
975 1011.04 
976 1008.21 
977 1005.58 
978 1003.17 
979 1000.96 
980 998.96 
981 997.164 
982 995.571 
983 994.178 
984 992.983 
985 991.985 
986 991.182 
987 990.571 
988 990.15 
989 989.916 
990 989.869 
991 990.006 
992 990.324 
993 990.821 
994 991.495 
995 992.344 
996 993.365 
997 994.556 
998 995.915 
999 997.439 
1000 999.126 
1001 1000.97 
1002 1002.98 
1003 1005.14 
1004 1007.45 
1005 1009.9 
1006 1012.5 
1007 1015.24 
1008 1018.12 
1009 1021.13 
1010 1024.28 
1011 1027.55 
1012 1030.94 
1013 1034.45 
1014 1038.08 
1015 1041.82 
1016 1045.67 
1017 1049.63 
1018 1053.68 
1019 1057.84 
1020 1062.08 
1021 1066.42 
1022 1070.84 
1023 1075.35 
1024 1079.93 
1025 1084.59 
1026 1089.32 
1027 1094.12 
1028 1098.98 
1029 1103.89 
1030 1108.86 
1031 1113.88 
1032 1118.95 
1033 1124.05 
1034 1129.2 
1035 1134.37 
1036 1139.58 
1037 1144.81 
1038 1150.06 
1039 1155.32 
1040 1160.6 
1041 1165.88 
1042 1171.16 
1043 1176.44 
1044 1181.71 
1045 1186.97 
1046 1192.22 
1047 1197.44 
1048 1202.64 
1049 1207.81 
1050 1212.94 
1051 1218.03 
1052 1223.07 
1053 1228.08 
1054 1233.03 
1055 1237.94 
1056 1242.8 
1057 1247.61 
1058 1252.36 
1059 1257.06 
1060 1261.7 
1061 1266.27 
1062 1270.79 
1063 1275.25 
1064 1279.63 
1065 1283.95 
1066 1288.2 
1067 1292.38 
1068 1296.49 
1069 1300.52 
1070 1304.47 
1071 1308.34 
1072 1312.12 
1073 1315.83 
1074 1319.44 
1075 1322.97 
1076 1326.41 
1077 1329.75 
1078 1333 
1079 1336.15 
1080 1339.2 
1081 1342.15 
1082 1345 
1083 1347.74 
1084 1350.37 
1085 1352.88 
1086 1355.29 
1087 1357.58 
1088 1359.75 
1089 1361.8 
1090 1363.73 
1091 1365.54 
1092 1367.21 
1093 1368.76 
1094 1370.17 
1095 1371.45 
1096 1372.6 
1097 1373.6 
1098 1374.46 
1099 1375.18 
1100 1375.75 
1101 1376.17 
1102 1376.44 
1103 1376.57 
1104 1376.55 
1105 1376.39 
1106 1376.08 
1107 1375.64 
1108 1375.05 
1109 1374.32 
1110 1373.46 
1111 1372.46 
1112 1371.33 
1113 1370.07 
1114 1368.68 
1115 1367.15 
1116 1365.5 
1117 1363.72 
1118 1361.82 
1119 1359.79 
1120 1357.65 
1121 1355.38 
1122 1352.99 
1123 1350.49 
1124 1347.87 
1125 1345.14 
1126 1342.3 
1127 1339.35 
1128 1336.29 
1129 1333.12 
1130 1329.85 
1131 1326.47 
1132 1323 
1133 1319.42 
1134 1315.75 
1135 1311.98 
1136 1308.12 
1137 1304.16 
1138 1300.12 
1139 1295.99 
1140 1291.77 
1141 1287.46 
1142 1283.08 
1143 1278.61 
1144 1274.06 
1145 1269.44 
1146 1264.74 
1147 1259.97 
1148 1255.13 
1149 1250.23 
1150 1245.25 
1151 1240.21 
1152 1235.11 
1153 1229.95 
1154 1224.73 
1155 1219.45 
1156 1214.12 
1157 1208.74 
1158 1203.32 
1159 1197.84 
1160 1192.32 
1161 1186.77 
1162 1181.17 
1163 1175.54 
1164 1169.87 
1165 1164.17 
1166 1158.44 
1167 1152.69 
1168 1146.91 
1169 1141.11 
1170 1135.29 
1171 1129.46 
1172 1123.61 
1173 1117.75 
1174 1111.88 
1175 1106.01 
1176 1100.13 
1177 1094.25 
1178 1088.38 
1179 1082.51 
1180 1076.65 
1181 1070.8 
1182 1064.96 
1183 1059.14 
1184 1053.33 
1185 1047.55 
1186 1041.79 
1187 1036.06 
1188 1030.37 
1189 1024.7 
1190 1019.07 
1191 1013.48 
1192 1007.93 
1193 1002.43 
1194 996.97 
1195 991.565 
1196 986.214 
1197 980.92 
1198 975.686 
1199 970.515 
1200 965.411 
1201 960.376 
1202 955.411 
1203 950.518 
1204 945.697 
1205 940.95 
1206 936.278 
1207 931.681 
1208 927.16 
1209 922.718 
1210 918.354 
1211 914.07 
1212 909.867 
1213 905.746 
1214 901.708 
1215 897.755 
1216 893.886 
1217 890.104 
1218 886.409 
1219 882.803 
1220 879.286 
1221 875.86 
1222 872.526 
1223 869.285 
1224 866.138 
1225 863.087 
1226 860.131 
1227 857.273 
1228 854.514 
1229 851.855 
1230 849.296 
1231 846.84 
1232 844.487 
1233 842.238 
1234 840.095 
1235 838.059 
1236 836.131 
1237 834.311 
1238 832.603 
1239 831.006 
1240 829.521 
1241 828.151 
1242 826.896 
1243 825.757 
1244 824.736 
1245 823.833 
1246 823.051 
1247 822.39 
1248 821.852 
1249 821.437 
1250 821.148 
1251 820.985 
1252 820.946 
1253 821.031 
1254 821.238 
1255 821.565 
1256 822.012 
1257 822.575 
1258 823.255 
1259 824.049 
1260 824.956 
1261 825.975 
1262 827.103 
1263 828.339 
1264 829.682 
1265 831.13 
1266 832.681 
1267 834.334 
1268 836.087 
1269 837.939 
1270 839.887 
1271 841.93 
1272 844.067 
1273 846.295 
1274 848.613 
1275 851.02 
1276 853.513 
1277 856.09 
1278 858.751 
1279 861.492 
1280 864.313 
1281 867.212 
1282 870.186 
1283 873.234 
1284 876.354 
1285 879.544 
1286 882.802 
1287 886.127 
1288 889.516 
1289 892.968 
1290 896.481 
1291 900.052 
1292 903.68 
1293 907.362 
1294 911.098 
1295 914.884 
1296 918.719 
1297 922.601 
1298 926.527 
1299 930.496 
1300 934.506 
1301 938.554 
1302 942.639 
1303 946.758 
1304 950.91 
1305 955.093 
1306 959.304 
1307 963.542 
1308 967.804 
1309 972.089 
1310 976.394 
1311 980.717 
1312 985.057 
1313 989.41 
1314 993.776 
1315 998.152 
1316 1002.53 
1317 1006.92 
1318 1011.32 
1319 1015.71 
1320 1020.1 
1321 1024.49 
1322 1028.87 
1323 1033.25 
1324 1037.62 
1325 1041.97 
1326 1046.31 
1327 1050.63 
1328 1054.93 
1329 1059.22 
1330 1063.47 
1331 1067.71 
1332 1071.91 
1333 1076.08 
1334 1080.22 
1335 1084.33 
1336 1088.39 
1337 1092.42 
1338 1096.4 
1339 1100.34 
1340 1104.23 
1341 1108.07 
1342 1111.85 
1343 1115.59 
1344 1119.26 
1345 1122.87 
1346 1126.42 
1347 1129.91 
1348 1133.32 
1349 1136.67 
1350 1139.94 
1351 1143.14 
1352 1146.26 
1353 1149.31 
1354 1152.27 
1355 1155.16 
1356 1157.97 
1357 1160.69 
1358 1163.34 
1359 1165.91 
1360 1168.39 
1361 1170.79 
1362 1173.11 
1363 1175.34 
1364 1177.49 
1365 1179.55 
1366 1181.53 
1367 1183.42 
1368 1185.22 
1369 1186.93 
1370 1188.55 
1371 1190.08 
1372 1191.53 
1373 1192.88 
1374 1194.14 
1375 1195.3 
1376 1196.37 
1377 1197.35 
1378 1198.23 
1379 1199.02 
1380 1199.7 
1381 1200.3 
1382 1200.79 
1383 1201.18 
1384 1201.48 
1385 1201.67 
1386 1201.76 
1387 1201.75 
1388 1201.64 
1389 1201.42 
1390 1201.1 
1391 1200.67 
1392 1200.14 
1393 1199.5 
1394 1198.75 
1395 1197.89 
1396 1196.93 
1397 1195.85 
1398 1194.67 
1399 1193.37 
1400 1191.96 
1401 1190.43 
1402 1188.8 
1403 1187.05 
1404 1185.19 
1405 1183.23 
1406 1181.15 
1407 1178.97 
1408 1176.68 
1409 1174.28 
1410 1171.78 
1411 1169.18 
1412 1166.47 
1413 1163.66 
1414 1160.76 
1415 1157.75 
1416 1154.64 
1417 1151.44 
1418 1148.14 
1419 1144.75 
1420 1141.26 
1421 1137.68 
1422 1134.01 
1423 1130.24 
1424 1126.39 
1425 1122.45 
1426 1118.42 
1427 1114.31 
1428 1110.11 
1429 1105.82 
1430 1101.45 
1431 1097.01 
1432 1092.48 
1433 1087.87 
1434 1083.18 
1435 1078.42 
1436 1073.58 
1437 1068.67 
1438 1063.68 
1439 1058.63 
1440 1053.5 
1441 1048.3 
1442 1043.03 
1443 1037.7 
1444 1032.3 
1445 1026.84 
1446 1021.31 
1447 1015.73 
1448 1010.08 
1449 1004.37 
1450 998.604 
1451 992.782 
1452 986.906 
1453 980.977 
1454 974.998 
1455 968.971 
1456 962.897 
1457 956.779 
1458 950.619 
1459 944.419 
1460 938.182 
1461 931.908 
1462 925.601 
1463 919.263 
1464 912.895 
1465 906.5 
1466 900.081 
1467 893.639 
1468 887.176 
1469 880.696 
1470 874.199 
1471 867.689 
1472 861.167 
1473 854.636 
1474 848.099 
1475 841.556 
1476 835.012 
1477 828.468 
1478 821.926 
1479 815.389 
1480 808.86 
1481 802.339 
1482 795.831 
1483 789.338 
1484 782.861 
1485 776.403 
1486 769.967 
1487 763.555 
1488 757.17 
1489 750.814 
1490 744.489 
1491 738.199 
1492 731.945 
1493 725.73 
1494 719.557 
1495 713.429 
1496 707.347 
1497 701.314 
1498 695.334 
1499 689.408 
1500 683.54 
1501 677.731 
1502 671.982 
1503 666.294 
1504 660.668 
1505 655.104 
1506 649.602 
1507 644.163 
1508 638.788 
1509 633.477 
1510 628.231 
1511 623.049 
1512 617.934 
1513 612.884 
1514 607.901 
1515 602.986 
1516 598.138 
1517 593.359 
1518 588.649 
1519 584.008 
1520 579.437 
1521 574.936 
1522 570.507 
1523 566.149 
1524 561.864 
1525 557.651 
1526 553.512 
1527 549.447 
1528 545.456 
1529 541.54 
1530 537.699 
1531 533.935 
1532 530.247 
1533 526.637 
1534 523.104 
1535 519.65 
1536 516.275 
1537 512.98 
1538 509.764 
1539 506.629 
1540 503.576 
1541 500.604 
1542 497.715 
1543 494.909 
1544 492.187 
1545 489.549 
1546 486.995 
1547 484.527 
1548 482.145 
1549 479.85 
1550 477.642 
1551 475.521 
1552 473.487 
1553 471.54 
1554 469.678 
1555 467.9 
1556 466.206 
1557 464.596 
1558 463.067 
1559 461.619 
1560 460.252 
1561 458.964 
1562 457.755 
1563 456.624 
1564 455.569 
1565 454.591 
1566 453.688 
1567 452.859 
1568 452.104 
1569 451.421 
1570 450.81 
1571 450.269 
1572 449.799 
1573 449.397 
1574 449.063 
1575 448.796 
1576 448.595 
1577 448.46 
1578 448.388 
1579 448.38 
1580 448.434 
1581 448.55 
1582 448.725 
1583 448.96 
1584 449.254 
1585 449.605 
1586 450.012 
1587 450.475 
1588 450.992 
1589 451.562 
1590 452.185 
1591 452.859 
1592 453.584 
1593 454.358 
1594 455.18 
1595 456.049 
1596 456.964 
1597 457.925 
1598 458.929 
1599 459.977 
1600 461.066 
1601 462.196 
1602 463.366 
1603 464.574 
1604 465.82 
1605 467.101 
1606 468.418 
1607 469.769 
1608 471.153 
1609 472.568 
1610 474.013 
1611 475.488 
1612 476.99 
1613 478.52 
1614 480.075 
1615 481.654 
1616 483.257 
1617 484.881 
1618 486.526 
1619 488.191 
1620 489.874 
1621 491.573 
1622 493.289 
1623 495.018 
1624 496.761 
1625 498.516 
1626 500.282 
1627 502.056 
1628 503.839 
1629 505.628 
1630 507.423 
1631 509.222 
1632 511.024 
1633 512.827 
1634 514.63 
1635 516.432 
1636 518.231 
1637 520.026 
1638 521.816 
1639 523.599 
1640 525.374 
1641 527.14 
1642 528.895 
1643 530.638 
1644 532.366 
1645 534.08 
1646 535.778 
1647 537.457 
1648 539.118 
1649 540.757 
1650 542.374 
1651 543.968 
1652 545.538 
1653 547.082 
1654 548.601 
1655 550.094 
1656 551.56 
1657 552.998 
1658 554.408 
1659 555.789 
1660 557.14 
1661 558.462 
1662 559.752 
1663 561.011 
1664 562.237 
1665 563.43 
1666 564.59 
1667 565.716 
1668 566.806 
1669 567.86 
1670 568.879 
1671 569.86 
1672 570.803 
1673 571.707 
1674 572.573 
1675 573.398 
1676 574.182 
1677 574.926 
1678 575.627 
1679 576.285 
1680 576.899 
1681 577.469 
1682 577.995 
1683 578.474 
1684 578.907 
1685 579.292 
1686 579.629 
1687 579.918 
1688 580.157 
1689 580.346 
1690 580.484 
1691 580.57 
1692 580.603 
1693 580.583 
1694 580.509 
1695 580.38 
1696 580.195 
1697 579.954 
1698 579.656 
1699 579.3 
1700 578.885 
1701 578.41 
1702 577.877 
1703 577.285 
1704 576.636 
1705 575.93 
1706 575.168 
1707 574.351 
1708 573.479 
1709 572.552 
1710 571.573 
1711 570.541 
1712 569.457 
1713 568.322 
1714 567.136 
1715 565.901 
1716 564.617 
1717 563.285 
1718 561.905 
1719 560.479 
1720 559.006 
1721 557.489 
1722 555.927 
1723 554.322 
1724 552.673 
1725 550.983 
1726 549.251 
1727 547.479 
1728 545.667 
1729 543.816 
1730 541.926 
1731 540 
1732 538.037 
1733 536.038 
1734 534.004 
1735 531.936 
1736 529.835 
1737 527.701 
1738 525.536 
1739 523.34 
1740 521.113 
1741 518.858 
1742 516.575 
1743 514.264 
1744 511.926 
1745 509.563 
1746 507.174 
1747 504.762 
1748 502.327 
1749 499.869 
1750 497.39 
1751 494.891 
1752 492.372 
1753 489.834 
1754 487.279 
1755 484.708 
1756 482.121 
1757 479.52 
1758 476.905 
1759 474.278 
1760 471.64 
1761 468.991 
1762 466.334 
1763 463.668 
1764 460.995 
1765 458.316 
1766 455.632 
1767 452.944 
1768 450.253 
1769 447.561 
1770 444.868 
1771 442.175 
1772 439.484 
1773 436.796 
1774 434.111 
1775 431.432 
1776 428.758 
1777 426.092 
1778 423.434 
1779 420.785 
1780 418.147 
1781 415.52 
1782 412.906 
1783 410.306 
1784 407.722 
1785 405.154 
1786 402.603 
1787 400.071 
1788 397.558 
1789 395.067 
1790 392.598 
1791 390.152 
1792 387.731 
1793 385.335 
1794 382.967 
1795 380.627 
1796 378.316 
1797 376.036 
1798 373.788 
1799 371.573 
1800 369.392 
1801 367.247 
1802 365.138 
1803 363.064 
1804 361.026 
1805 359.024 
1806 357.058 
1807 355.128 
1808 353.234 
1809 351.376 
1810 349.555 
1811 347.77 
1812 346.022 
1813 344.31 
1814 342.634 
1815 340.996 
1816 339.394 
1817 337.829 
1818 336.301 
1819 334.809 
1820 333.355 
1821 331.938 
1822 330.558 
1823 329.216 
1824 327.911 
1825 326.643 
1826 325.413 
1827 324.22 
1828 323.065 
1829 321.948 
1830 320.868 
1831 319.826 
1832 318.823 
1833 317.857 
1834 316.93 
1835 316.04 
1836 315.189 
1837 314.376 
1838 313.602 
1839 312.866 
1840 312.168 
1841 311.51 
1842 310.889 
1843 310.308 
1844 309.765 
1845 309.262 
1846 308.797 
1847 308.372 
1848 307.985 
1849 307.638 
1850 307.33 
1851 307.061 
1852 306.831 
1853 306.639 
1854 306.486 
1855 306.37 
1856 306.291 
1857 306.248 
1858 306.241 
1859 306.27 
1860 306.335 
1861 306.433 
1862 306.566 
1863 306.733 
1864 306.932 
1865 307.165 
1866 307.429 
1867 307.725 
1868 308.052 
1869 308.41 
1870 308.798 
1871 309.216 
1872 309.663 
1873 310.138 
1874 310.642 
1875 311.173 
1876 311.731 
1877 312.316 
1878 312.927 
1879 313.563 
1880 314.224 
1881 314.91 
1882 315.619 
1883 316.352 
1884 317.108 
1885 317.885 
1886 318.685 
1887 319.506 
1888 320.347 
1889 321.209 
1890 322.09 
1891 322.989 
1892 323.908 
1893 324.844 
1894 325.797 
1895 326.767 
1896 327.754 
1897 328.755 
1898 329.772 
1899 330.803 
1900 331.848 
1901 332.906 
1902 333.977 
1903 335.059 
1904 336.152 
1905 337.256 
1906 338.369 
1907 339.491 
1908 340.621 
1909 341.759 
1910 342.903 
1911 344.052 
1912 345.207 
1913 346.366 
1914 347.529 
1915 348.694 
1916 349.861 
1917 351.029 
1918 352.198 
1919 353.366 
1920 354.533 
1921 355.698 
1922 356.861 
1923 358.019 
1924 359.174 
1925 360.323 
1926 361.466 
1927 362.603 
1928 363.731 
1929 364.852 
1930 365.963 
1931 367.064 
1932 368.154 
1933 369.233 
1934 370.298 
1935 371.351 
1936 372.389 
1937 373.412 
1938 374.42 
1939 375.41 
1940 376.383 
1941 377.337 
1942 378.272 
1943 379.187 
1944 380.08 
1945 380.952 
1946 381.801 
1947 382.626 
1948 383.427 
1949 384.202 
1950 384.951 
1951 385.672 
1952 386.367 
1953 387.036 
1954 387.679 
1955 388.296 
1956 388.889 
1957 389.457 
1958 390.002 
1959 390.523 
1960 391.021 
1961 391.497 
1962 391.951 
1963 392.383 
1964 392.795 
1965 393.187 
1966 393.558 
1967 393.91 
1968 394.244 
1969 394.559 
1970 394.856 
1971 395.136 
1972 395.4 
1973 395.647 
1974 395.878 
1975 396.095 
1976 396.296 
1977 396.484 
1978 396.658 
1979 396.819 
1980 396.967 
1981 397.104 
1982 397.229 
1983 397.343 
1984 397.448 
1985 397.542 
1986 397.627 
1987 397.704 
1988 397.772 
1989 397.833 
1990 397.887 
1991 397.935 
1992 397.977 
1993 398.014 
1994 398.046 
1995 398.074 
1996 398.098 
1997 398.12 
1998 398.139 
1999 398.156 
2000 398.173 
