2 1860.69 
3 1596.72 
4 1420.23 
5 1301.14 
6 1217.53 
7 1158.24 
8 1115.99 
9 1085.45 
10 1064.97 
11 1050.58 
12 1042 
13 1036.58 
14 1035.31 
15 1037.8 
16 1040.75 
17 1044.89 
18 1051.65 
19 1061.37 
20 1072.92 
21 1084.36 
22 1095.78 
23 1107.76 
24 1120.55 
25 1134.04 
26 1147.9 
27 1162.25 
28 1177.2 
29 1192.68 
30 1208.39 
31 1223.95 
32 1239.48 
33 1255.21 
34 1271.33 
35 1287.99 
36 1305.26 
37 1323.16 
38 1341.62 
39 1360.48 
40 1379.52 
41 1398.47 
42 1417.36 
43 1436.29 
44 1455.35 
45 1474.59 
46 1494.09 
47 1513.87 
48 1533.95 
49 1554.32 
50 1574.96 
51 1595.83 
52 1616.97 
53 1638.42 
54 1660.21 
55 1682.39 
56 1704.95 
57 1727.91 
58 1751.25 
59 1774.96 
60 1798.98 
61 1823.29 
62 1847.91 
63 1872.86 
64 1898.16 
65 1923.84 
66 1949.91 
67 1976.38 
68 2003.24 
69 2030.51 
70 2058.16 
71 2086.18 
72 2114.59 
73 2143.4 
74 2172.62 
75 2202.25 
76 2232.3 
77 2262.76 
78 2293.64 
79 2324.91 
80 2356.57 
81 2388.6 
82 2421 
83 2453.77 
84 2486.93 
85 2520.46 
86 2554.38 
87 2588.66 
88 2623.3 
89 2658.3 
90 2693.64 
91 2729.3 
92 2765.28 
93 2801.57 
94 2838.16 
95 2875.06 
96 2912.23 
97 2949.68 
98 2987.38 
99 3025.31 
100 3063.46 
101 3101.8 
102 3140.33 
103 3179.04 
104 3217.92 
105 3256.97 
106 3296.17 
107 3335.52 
108 3375 
109 3414.61 
110 3454.32 
111 3494.12 
112 3534 
113 3573.93 
114 3613.91 
115 3653.89 
116 3693.87 
117 3733.82 
118 3773.7 
119 3813.51 
120 3853.19 
121 3892.74 
122 3932.12 
123 3971.33 
124 4010.35 
125 4049.17 
126 4087.78 
127 4126.15 
128 4164.27 
129 4202.13 
130 4239.7 
131 4276.97 
132 4313.93 
133 4350.54 
134 4386.79 
135 4422.67 
136 4458.14 
137 4493.19 
138 4527.8 
139 4561.93 
140 4595.58 
141 4628.7 
142 4661.29 
143 4693.34 
144 4724.83 
145 4755.74 
146 4786.06 
147 4815.77 
148 4844.87 
149 4873.33 
150 4901.14 
151 4928.28 
152 4954.75 
153 4980.51 
154 5005.57 
155 5029.9 
156 5053.49 
157 5076.31 
158 5098.36 
159 5119.62 
160 5140.07 
161 5159.7 
162 5178.49 
163 5196.44 
164 5213.54 
165 5229.78 
166 5245.15 
167 5259.65 
168 5273.26 
169 5285.99 
170 5297.81 
171 5308.73 
172 5318.74 
173 5327.84 
174 5336.01 
175 5343.26 
176 5349.57 
177 5354.94 
178 5359.37 
179 5362.85 
180 5365.38 
181 5366.96 
182 5367.58 
183 5367.24 
184 5365.95 
185 5363.71 
186 5360.51 
187 5356.36 
188 5351.27 
189 5345.23 
190 5338.25 
191 5330.33 
192 5321.48 
193 5311.7 
194 5300.99 
195 5289.38 
196 5276.85 
197 5263.42 
198 5249.09 
199 5233.88 
200 5217.79 
201 5200.83 
202 5183.01 
203 5164.34 
204 5144.83 
205 5124.49 
206 5103.32 
207 5081.35 
208 5058.57 
209 5035.01 
210 5010.67 
211 4985.57 
212 4959.72 
213 4933.13 
214 4905.83 
215 4877.82 
216 4849.13 
217 4819.76 
218 4789.74 
219 4759.08 
220 4727.81 
221 4695.93 
222 4663.48 
223 4630.46 
224 4596.91 
225 4562.83 
226 4528.27 
227 4493.22 
228 4457.71 
229 4421.75 
230 4385.36 
231 4348.55 
232 4311.35 
233 4273.77 
234 4235.84 
235 4197.56 
236 4158.96 
237 4120.05 
238 4080.87 
239 4041.42 
240 4001.73 
241 3961.82 
242 3921.72 
243 3881.44 
244 3841.01 
245 3800.44 
246 3759.77 
247 3719.02 
248 3678.21 
249 3637.37 
250 3596.52 
251 3555.68 
252 3514.88 
253 3474.13 
254 3433.45 
255 3392.86 
256 3352.36 
257 3311.98 
258 3271.74 
259 3231.64 
260 3191.72 
261 3151.99 
262 3112.45 
263 3073.15 
264 3034.08 
265 2995.27 
266 2956.74 
267 2918.5 
268 2880.58 
269 2842.98 
270 2805.74 
271 2768.87 
272 2732.39 
273 2696.32 
274 2660.68 
275 2625.48 
276 2590.75 
277 2556.49 
278 2522.72 
279 2489.46 
280 2456.7 
281 2424.46 
282 2392.75 
283 2361.58 
284 2330.96 
285 2300.9 
286 2271.41 
287 2242.49 
288 2214.16 
289 2186.43 
290 2159.31 
291 2132.8 
292 2106.91 
293 2081.66 
294 2057.04 
295 2033.07 
296 2009.76 
297 1987.11 
298 1965.13 
299 1943.84 
300 1923.22 
301 1903.3 
302 1884.08 
303 1865.55 
304 1847.71 
305 1830.58 
306 1814.15 
307 1798.41 
308 1783.38 
309 1769.04 
310 1755.4 
311 1742.46 
312 1730.21 
313 1718.65 
314 1707.79 
315 1697.61 
316 1688.12 
317 1679.31 
318 1671.18 
319 1663.72 
320 1656.94 
321 1650.81 
322 1645.35 
323 1640.53 
324 1636.37 
325 1632.84 
326 1629.95 
327 1627.69 
328 1626.04 
329 1625 
330 1624.56 
331 1624.72 
332 1625.45 
333 1626.76 
334 1628.63 
335 1631.05 
336 1634.02 
337 1637.5 
338 1641.51 
339 1646.01 
340 1651.01 
341 1656.48 
342 1662.41 
343 1668.79 
344 1675.6 
345 1682.83 
346 1690.46 
347 1698.47 
348 1706.84 
349 1715.57 
350 1724.62 
351 1733.99 
352 1743.66 
353 1753.64 
354 1763.9 
355 1774.45 
356 1785.27 
357 1796.36 
358 1807.71 
359 1819.32 
360 1831.16 
361 1843.25 
362 1855.56 
363 1868.08 
364 1880.81 
365 1893.74 
366 1906.86 
367 1920.15 
368 1933.61 
369 1947.23 
370 1960.99 
371 1974.88 
372 1988.89 
373 2003.02 
374 2017.24 
375 2031.54 
376 2045.92 
377 2060.36 
378 2074.84 
379 2089.35 
380 2103.88 
381 2118.42 
382 2132.94 
383 2147.45 
384 2161.91 
385 2176.31 
386 2190.64 
387 2204.89 
388 2219.03 
389 2233.06 
390 2246.95 
391 2260.68 
392 2274.24 
393 2287.62 
394 2300.78 
395 2313.72 
396 2326.42 
397 2338.85 
398 2351.01 
399 2362.86 
400 2374.39 
401 2385.58 
402 2396.42 
403 2406.93 
404 2417.09 
405 2426.91 
406 2436.38 
407 2445.51 
408 2454.3 
409 2462.75 
410 2470.85 
411 2478.62 
412 2486.04 
413 2493.12 
414 2499.86 
415 2506.25 
416 2512.31 
417 2518.04 
418 2523.42 
419 2528.47 
420 2533.18 
421 2537.56 
422 2541.61 
423 2545.32 
424 2548.71 
425 2551.77 
426 2554.5 
427 2556.9 
428 2558.99 
429 2560.75 
430 2562.19 
431 2563.32 
432 2564.13 
433 2564.62 
434 2564.81 
435 2564.69 
436 2564.27 
437 2563.54 
438 2562.52 
439 2561.19 
440 2559.58 
441 2557.67 
442 2555.47 
443 2553 
444 2550.24 
445 2547.2 
446 2543.89 
447 2540.31 
448 2536.46 
449 2532.35 
450 2527.98 
451 2523.36 
452 2518.49 
453 2513.38 
454 2508.04 
455 2502.47 
456 2496.67 
457 2490.67 
458 2484.46 
459 2478.04 
460 2471.44 
461 2464.66 
462 2457.7 
463 2450.57 
464 2443.28 
465 2435.84 
466 2428.27 
467 2420.55 
468 2412.72 
469 2404.76 
470 2396.71 
471 2388.55 
472 2380.31 
473 2371.99 
474 2363.6 
475 2355.16 
476 2346.66 
477 2338.13 
478 2329.58 
479 2321 
480 2312.42 
481 2303.85 
482 2295.3 
483 2286.77 
484 2278.29 
485 2269.85 
486 2261.48 
487 2253.19 
488 2244.98 
489 2236.87 
490 2228.88 
491 2221.01 
492 2213.28 
493 2205.7 
494 2198.29 
495 2191.06 
496 2184.02 
497 2177.18 
498 2170.57 
499 2164.19 
500 2158.06 
501 2152.19 
502 2146.59 
503 2141.25 
504 2136.18 
505 2131.38 
506 2126.86 
507 2122.6 
508 2118.63 
509 2114.92 
510 2111.5 
511 2108.36 
512 2105.49 
513 2102.91 
514 2100.61 
515 2098.6 
516 2096.88 
517 2095.44 
518 2094.29 
519 2093.43 
520 2092.86 
521 2092.59 
522 2092.61 
523 2092.93 
524 2093.54 
525 2094.45 
526 2095.66 
527 2097.17 
528 2098.98 
529 2101.09 
530 2103.5 
531 2106.22 
532 2109.25 
533 2112.58 
534 2116.22 
535 2120.16 
536 2124.42 
537 2128.98 
538 2133.86 
539 2139.04 
540 2144.54 
541 2150.35 
542 2156.48 
543 2162.92 
544 2169.67 
545 2176.74 
546 2184.13 
547 2191.83 
548 2199.85 
549 2208.19 
550 2216.85 
551 2225.82 
552 2235.11 
553 2244.7 
554 2254.59 
555 2264.78 
556 2275.24 
557 2285.99 
558 2297 
559 2308.28 
560 2319.82 
561 2331.6 
562 2343.62 
563 2355.87 
564 2368.35 
565 2381.04 
566 2393.94 
567 2407.04 
568 2420.32 
569 2433.79 
570 2447.43 
571 2461.23 
572 2475.19 
573 2489.29 
574 2503.52 
575 2517.88 
576 2532.35 
577 2546.93 
578 2561.61 
579 2576.37 
580 2591.2 
581 2606.09 
582 2621.04 
583 2636.03 
584 2651.05 
585 2666.1 
586 2681.15 
587 2696.19 
588 2711.22 
589 2726.23 
590 2741.2 
591 2756.11 
592 2770.97 
593 2785.75 
594 2800.44 
595 2815.03 
596 2829.51 
597 2843.86 
598 2858.07 
599 2872.13 
600 2886.02 
601 2899.74 
602 2913.27 
603 2926.61 
604 2939.75 
605 2952.7 
606 2965.44 
607 2977.97 
608 2990.29 
609 3002.39 
610 3014.26 
611 3025.91 
612 3037.32 
613 3048.49 
614 3059.41 
615 3070.08 
616 3080.5 
617 3090.66 
618 3100.55 
619 3110.16 
620 3119.5 
621 3128.56 
622 3137.32 
623 3145.8 
624 3153.97 
625 3161.83 
626 3169.38 
627 3176.61 
628 3183.52 
629 3190.1 
630 3196.35 
631 3202.25 
632 3207.8 
633 3213 
634 3217.84 
635 3222.31 
636 3226.41 
637 3230.13 
638 3233.46 
639 3236.41 
640 3238.95 
641 3241.09 
642 3242.82 
643 3244.12 
644 3245.01 
645 3245.46 
646 3245.47 
647 3245.04 
648 3244.16 
649 3242.82 
650 3241.01 
651 3238.73 
652 3235.98 
653 3232.77 
654 3229.09 
655 3224.97 
656 3220.38 
657 3215.36 
658 3209.89 
659 3203.98 
660 3197.64 
661 3190.87 
662 3183.68 
663 3176.07 
664 3168.05 
665 3159.62 
666 3150.79 
667 3141.56 
668 3131.94 
669 3121.94 
670 3111.55 
671 3100.79 
672 3089.67 
673 3078.18 
674 3066.33 
675 3054.14 
676 3041.6 
677 3028.73 
678 3015.52 
679 3001.99 
680 2988.15 
681 2973.99 
682 2959.53 
683 2944.77 
684 2929.73 
685 2914.4 
686 2898.79 
687 2882.92 
688 2866.79 
689 2850.41 
690 2833.78 
691 2816.91 
692 2799.81 
693 2782.5 
694 2764.97 
695 2747.23 
696 2729.3 
697 2711.18 
698 2692.88 
699 2674.41 
700 2655.78 
701 2636.99 
702 2618.06 
703 2598.98 
704 2579.78 
705 2560.45 
706 2541 
707 2521.44 
708 2501.78 
709 2482.02 
710 2462.18 
711 2442.25 
712 2422.25 
713 2402.19 
714 2382.07 
715 2361.9 
716 2341.7 
717 2321.46 
718 2301.2 
719 2280.92 
720 2260.63 
721 2240.35 
722 2220.08 
723 2199.83 
724 2179.61 
725 2159.42 
726 2139.28 
727 2119.2 
728 2099.18 
729 2079.23 
730 2059.37 
731 2039.6 
732 2019.94 
733 2000.39 
734 1980.96 
735 1961.66 
736 1942.5 
737 1923.5 
738 1904.66 
739 1885.99 
740 1867.5 
741 1849.21 
742 1831.12 
743 1813.25 
744 1795.6 
745 1778.19 
746 1761.03 
747 1744.13 
748 1727.49 
749 1711.13 
750 1695.07 
751 1679.31 
752 1663.85 
753 1648.7 
754 1633.85 
755 1619.31 
756 1605.07 
757 1591.14 
758 1577.52 
759 1564.2 
760 1551.18 
761 1538.48 
762 1526.08 
763 1513.99 
764 1502.2 
765 1490.73 
766 1479.56 
767 1468.7 
768 1458.14 
769 1447.9 
770 1437.96 
771 1428.33 
772 1419.01 
773 1409.99 
774 1401.29 
775 1392.89 
776 1384.8 
777 1377.02 
778 1369.55 
779 1362.38 
780 1355.52 
781 1348.97 
782 1342.73 
783 1336.79 
784 1331.16 
785 1325.83 
786 1320.81 
787 1316.1 
788 1311.69 
789 1307.59 
790 1303.79 
791 1300.29 
792 1297.1 
793 1294.21 
794 1291.63 
795 1289.35 
796 1287.37 
797 1285.69 
798 1284.31 
799 1283.23 
800 1282.45 
801 1281.97 
802 1281.78 
803 1281.88 
804 1282.26 
805 1282.92 
806 1283.86 
807 1285.05 
808 1286.51 
809 1288.23 
810 1290.19 
811 1292.39 
812 1294.83 
813 1297.5 
814 1300.4 
815 1303.51 
816 1306.83 
817 1310.36 
818 1314.09 
819 1318.02 
820 1322.12 
821 1326.41 
822 1330.87 
823 1335.49 
824 1340.28 
825 1345.21 
826 1350.29 
827 1355.51 
828 1360.86 
829 1366.33 
830 1371.91 
831 1377.61 
832 1383.4 
833 1389.29 
834 1395.27 
835 1401.32 
836 1407.44 
837 1413.62 
838 1419.86 
839 1426.14 
840 1432.46 
841 1438.81 
842 1445.19 
843 1451.57 
844 1457.96 
845 1464.34 
846 1470.72 
847 1477.07 
848 1483.39 
849 1489.67 
850 1495.9 
851 1502.08 
852 1508.2 
853 1514.26 
854 1520.25 
855 1526.17 
856 1532.02 
857 1537.79 
858 1543.49 
859 1549.1 
860 1554.63 
861 1560.08 
862 1565.43 
863 1570.69 
864 1575.86 
865 1580.92 
866 1585.88 
867 1590.74 
868 1595.48 
869 1600.11 
870 1604.63 
871 1609.03 
872 1613.3 
873 1617.44 
874 1621.46 
875 1625.34 
876 1629.09 
877 1632.7 
878 1636.16 
879 1639.47 
880 1642.63 
881 1645.64 
882 1648.49 
883 1651.18 
884 1653.7 
885 1656.05 
886 1658.23 
887 1660.23 
888 1662.05 
889 1663.69 
890 1665.14 
891 1666.39 
892 1667.45 
893 1668.31 
894 1668.96 
895 1669.41 
896 1669.64 
897 1669.66 
898 1669.46 
899 1669.03 
900 1668.37 
901 1667.48 
902 1666.37 
903 1665.02 
904 1663.46 
905 1661.67 
906 1659.66 
907 1657.45 
908 1655.02 
909 1652.38 
910 1649.54 
911 1646.5 
912 1643.27 
913 1639.84 
914 1636.22 
915 1632.42 
916 1628.43 
917 1624.26 
918 1619.93 
919 1615.41 
920 1610.74 
921 1605.89 
922 1600.89 
923 1595.73 
924 1590.42 
925 1584.97 
926 1579.37 
927 1573.63 
928 1567.75 
929 1561.74 
930 1555.61 
931 1549.35 
932 1542.97 
933 1536.48 
934 1529.88 
935 1523.17 
936 1516.36 
937 1509.46 
938 1502.46 
939 1495.38 
940 1488.21 
941 1480.96 
942 1473.64 
943 1466.25 
944 1458.8 
945 1451.28 
946 1443.71 
947 1436.1 
948 1428.43 
949 1420.73 
950 1412.99 
951 1405.23 
952 1397.43 
953 1389.62 
954 1381.78 
955 1373.93 
956 1366.06 
957 1358.19 
958 1350.31 
959 1342.44 
960 1334.56 
961 1326.69 
962 1318.83 
963 1310.98 
964 1303.15 
965 1295.34 
966 1287.56 
967 1279.8 
968 1272.08 
969 1264.4 
970 1256.75 
971 1249.15 
972 1241.6 
973 1234.1 
974 1226.66 
975 1219.28 
976 1211.97 
977 1204.73 
978 1197.55 
979 1190.46 
980 1183.45 
981 1176.53 
982 1169.69 
983 1162.96 
984 1156.32 
985 1149.78 
986 1143.36 
987 1137.05 
988 1130.85 
989 1124.78 
990 1118.84 
991 1113.02 
992 1107.35 
993 1101.81 
994 1096.42 
995 1091.18 
996 1086.1 
997 1081.17 
998 1076.41 
999 1071.82 
1000 1067.41 
1001 1063.17 
1002 1059.11 
1003 1055.23 
1004 1051.53 
1005 1048 
1006 1044.65 
1007 1041.47 
1008 1038.46 
1009 1035.62 
1010 1032.95 
1011 1030.45 
1012 1028.11 
1013 1025.95 
1014 1023.94 
1015 1022.1 
1016 1020.42 
1017 1018.91 
1018 1017.55 
1019 1016.35 
1020 1015.3 
1021 1014.41 
1022 1013.68 
1023 1013.1 
1024 1012.67 
1025 1012.38 
1026 1012.25 
1027 1012.26 
1028 1012.42 
1029 1012.72 
1030 1013.17 
1031 1013.75 
1032 1014.47 
1033 1015.33 
1034 1016.33 
1035 1017.46 
1036 1018.73 
1037 1020.12 
1038 1021.64 
1039 1023.29 
1040 1025.07 
1041 1026.97 
1042 1029 
1043 1031.14 
1044 1033.4 
1045 1035.78 
1046 1038.28 
1047 1040.89 
1048 1043.61 
1049 1046.44 
1050 1049.38 
1051 1052.43 
1052 1055.57 
1053 1058.82 
1054 1062.16 
1055 1065.6 
1056 1069.12 
1057 1072.73 
1058 1076.42 
1059 1080.19 
1060 1084.03 
1061 1087.95 
1062 1091.93 
1063 1095.98 
1064 1100.08 
1065 1104.24 
1066 1108.46 
1067 1112.72 
1068 1117.03 
1069 1121.38 
1070 1125.76 
1071 1130.18 
1072 1134.63 
1073 1139.1 
1074 1143.59 
1075 1148.1 
1076 1152.62 
1077 1157.15 
1078 1161.69 
1079 1166.22 
1080 1170.75 
1081 1175.28 
1082 1179.79 
1083 1184.28 
1084 1188.76 
1085 1193.2 
1086 1197.62 
1087 1202 
1088 1206.35 
1089 1210.65 
1090 1214.9 
1091 1219.1 
1092 1223.24 
1093 1227.33 
1094 1231.34 
1095 1235.29 
1096 1239.16 
1097 1242.94 
1098 1246.65 
1099 1250.26 
1100 1253.78 
1101 1257.2 
1102 1260.52 
1103 1263.73 
1104 1266.84 
1105 1269.85 
1106 1272.75 
1107 1275.55 
1108 1278.24 
1109 1280.81 
1110 1283.28 
1111 1285.64 
1112 1287.88 
1113 1290.01 
1114 1292.02 
1115 1293.91 
1116 1295.69 
1117 1297.35 
1118 1298.89 
1119 1300.31 
1120 1301.6 
1121 1302.77 
1122 1303.81 
1123 1304.73 
1124 1305.52 
1125 1306.18 
1126 1306.71 
1127 1307.1 
1128 1307.36 
1129 1307.49 
1130 1307.49 
1131 1307.34 
1132 1307.06 
1133 1306.63 
1134 1306.07 
1135 1305.36 
1136 1304.51 
1137 1303.51 
1138 1302.37 
1139 1301.07 
1140 1299.63 
1141 1298.04 
1142 1296.29 
1143 1294.39 
1144 1292.34 
1145 1290.13 
1146 1287.76 
1147 1285.23 
1148 1282.54 
1149 1279.69 
1150 1276.67 
1151 1273.49 
1152 1270.15 
1153 1266.65 
1154 1262.99 
1155 1259.18 
1156 1255.21 
1157 1251.1 
1158 1246.84 
1159 1242.44 
1160 1237.89 
1161 1233.22 
1162 1228.4 
1163 1223.46 
1164 1218.39 
1165 1213.19 
1166 1207.87 
1167 1202.43 
1168 1196.87 
1169 1191.21 
1170 1185.43 
1171 1179.55 
1172 1173.56 
1173 1167.47 
1174 1161.29 
1175 1155.01 
1176 1148.64 
1177 1142.19 
1178 1135.65 
1179 1129.03 
1180 1122.33 
1181 1115.56 
1182 1108.72 
1183 1101.82 
1184 1094.84 
1185 1087.81 
1186 1080.73 
1187 1073.59 
1188 1066.4 
1189 1059.17 
1190 1051.89 
1191 1044.58 
1192 1037.23 
1193 1029.85 
1194 1022.44 
1195 1015.01 
1196 1007.56 
1197 1000.1 
1198 992.621 
1199 985.135 
1200 977.646 
1201 970.155 
1202 962.666 
1203 955.181 
1204 947.702 
1205 940.232 
1206 932.772 
1207 925.324 
1208 917.892 
1209 910.477 
1210 903.082 
1211 895.708 
1212 888.358 
1213 881.035 
1214 873.74 
1215 866.476 
1216 859.246 
1217 852.052 
1218 844.895 
1219 837.78 
1220 830.707 
1221 823.679 
1222 816.699 
1223 809.77 
1224 802.893 
1225 796.071 
1226 789.307 
1227 782.604 
1228 775.963 
1229 769.387 
1230 762.879 
1231 756.441 
1232 750.076 
1233 743.787 
1234 737.576 
1235 731.446 
1236 725.399 
1237 719.439 
1238 713.567 
1239 707.786 
1240 702.1 
1241 696.511 
1242 691.021 
1243 685.633 
1244 680.351 
1245 675.176 
1246 670.112 
1247 665.162 
1248 660.328 
1249 655.613 
1250 651.02 
1251 646.551 
1252 642.206 
1253 637.985 
1254 633.885 
1255 629.908 
1256 626.051 
1257 622.314 
1258 618.695 
1259 615.195 
1260 611.812 
1261 608.545 
1262 605.394 
1263 602.357 
1264 599.434 
1265 596.623 
1266 593.924 
1267 591.336 
1268 588.858 
1269 586.488 
1270 584.226 
1271 582.072 
1272 580.023 
1273 578.079 
1274 576.239 
1275 574.501 
1276 572.866 
1277 571.331 
1278 569.896 
1279 568.56 
1280 567.322 
1281 566.18 
1282 565.134 
1283 564.182 
1284 563.324 
1285 562.558 
1286 561.883 
1287 561.298 
1288 560.801 
1289 560.393 
1290 560.071 
1291 559.835 
1292 559.683 
1293 559.614 
1294 559.627 
1295 559.72 
1296 559.894 
1297 560.145 
1298 560.474 
1299 560.878 
1300 561.357 
1301 561.909 
1302 562.533 
1303 563.226 
1304 563.986 
1305 564.812 
1306 565.701 
1307 566.652 
1308 567.661 
1309 568.728 
1310 569.85 
1311 571.024 
1312 572.25 
1313 573.524 
1314 574.845 
1315 576.21 
1316 577.617 
1317 579.064 
1318 580.549 
1319 582.07 
1320 583.623 
1321 585.208 
1322 586.822 
1323 588.462 
1324 590.127 
1325 591.813 
1326 593.519 
1327 595.243 
1328 596.981 
1329 598.732 
1330 600.493 
1331 602.262 
1332 604.037 
1333 605.814 
1334 607.592 
1335 609.368 
1336 611.139 
1337 612.904 
1338 614.66 
1339 616.403 
1340 618.133 
1341 619.845 
1342 621.538 
1343 623.209 
1344 624.855 
1345 626.474 
1346 628.063 
1347 629.62 
1348 631.141 
1349 632.625 
1350 634.069 
1351 635.469 
1352 636.826 
1353 638.139 
1354 639.407 
1355 640.629 
1356 641.804 
1357 642.933 
1358 644.015 
1359 645.048 
1360 646.033 
1361 646.968 
1362 647.853 
1363 648.687 
1364 649.47 
1365 650.201 
1366 650.879 
1367 651.504 
1368 652.075 
1369 652.591 
1370 653.052 
1371 653.457 
1372 653.805 
1373 654.096 
1374 654.329 
1375 654.503 
1376 654.617 
1377 654.672 
1378 654.665 
1379 654.597 
1380 654.467 
1381 654.274 
1382 654.018 
1383 653.697 
1384 653.311 
1385 652.86 
1386 652.342 
1387 651.756 
1388 651.103 
1389 650.382 
1390 649.591 
1391 648.729 
1392 647.798 
1393 646.794 
1394 645.718 
1395 644.57 
1396 643.347 
1397 642.05 
1398 640.678 
1399 639.229 
1400 637.704 
1401 636.102 
1402 634.424 
1403 632.672 
1404 630.847 
1405 628.951 
1406 626.986 
1407 624.953 
1408 622.855 
1409 620.692 
1410 618.467 
1411 616.182 
1412 613.837 
1413 611.435 
1414 608.978 
1415 606.468 
1416 603.905 
1417 601.293 
1418 598.632 
1419 595.926 
1420 593.174 
1421 590.38 
1422 587.545 
1423 584.671 
1424 581.76 
1425 578.814 
1426 575.834 
1427 572.824 
1428 569.783 
1429 566.716 
1430 563.622 
1431 560.506 
1432 557.367 
1433 554.209 
1434 551.033 
1435 547.842 
1436 544.637 
1437 541.42 
1438 538.194 
1439 534.96 
1440 531.721 
1441 528.478 
1442 525.234 
1443 521.991 
1444 518.751 
1445 515.516 
1446 512.288 
1447 509.069 
1448 505.862 
1449 502.668 
1450 499.49 
1451 496.33 
1452 493.188 
1453 490.066 
1454 486.964 
1455 483.882 
1456 480.822 
1457 477.783 
1458 474.767 
1459 471.775 
1460 468.806 
1461 465.863 
1462 462.944 
1463 460.052 
1464 457.186 
1465 454.348 
1466 451.537 
1467 448.756 
1468 446.004 
1469 443.283 
1470 440.592 
1471 437.934 
1472 435.307 
1473 432.714 
1474 430.154 
1475 427.63 
1476 425.14 
1477 422.687 
1478 420.27 
1479 417.891 
1480 415.55 
1481 413.248 
1482 410.987 
1483 408.765 
1484 406.585 
1485 404.447 
1486 402.352 
1487 400.3 
1488 398.293 
1489 396.331 
1490 394.415 
1491 392.545 
1492 390.724 
1493 388.95 
1494 387.226 
1495 385.551 
1496 383.927 
1497 382.355 
1498 380.835 
1499 379.368 
1500 377.955 
1501 376.596 
1502 375.292 
1503 374.041 
1504 372.844 
1505 371.699 
1506 370.607 
1507 369.566 
1508 368.576 
1509 367.637 
1510 366.747 
1511 365.907 
1512 365.116 
1513 364.374 
1514 363.679 
1515 363.032 
1516 362.431 
1517 361.876 
1518 361.367 
1519 360.902 
1520 360.483 
1521 360.107 
1522 359.774 
1523 359.483 
1524 359.235 
1525 359.028 
1526 358.863 
1527 358.737 
1528 358.651 
1529 358.604 
1530 358.595 
1531 358.624 
1532 358.69 
1533 358.793 
1534 358.931 
1535 359.105 
1536 359.314 
1537 359.556 
1538 359.832 
1539 360.14 
1540 360.48 
1541 360.852 
1542 361.254 
1543 361.687 
1544 362.148 
1545 362.639 
1546 363.157 
1547 363.703 
1548 364.275 
1549 364.873 
1550 365.497 
1551 366.145 
1552 366.816 
1553 367.511 
1554 368.227 
1555 368.963 
1556 369.72 
1557 370.495 
1558 371.289 
1559 372.099 
1560 372.926 
1561 373.767 
1562 374.622 
1563 375.491 
1564 376.371 
1565 377.263 
1566 378.165 
1567 379.075 
1568 379.994 
1569 380.92 
1570 381.852 
1571 382.788 
1572 383.729 
1573 384.673 
1574 385.618 
1575 386.565 
1576 387.511 
1577 388.455 
1578 389.398 
1579 390.337 
1580 391.271 
1581 392.2 
1582 393.122 
1583 394.037 
1584 394.942 
1585 395.838 
1586 396.723 
1587 397.595 
1588 398.454 
1589 399.299 
1590 400.128 
1591 400.94 
1592 401.735 
1593 402.51 
1594 403.265 
1595 404 
1596 404.711 
1597 405.399 
1598 406.063 
1599 406.7 
1600 407.31 
1601 407.892 
1602 408.445 
1603 408.969 
1604 409.464 
1605 409.929 
1606 410.363 
1607 410.768 
1608 411.141 
1609 411.483 
1610 411.793 
1611 412.071 
1612 412.317 
1613 412.53 
1614 412.71 
1615 412.856 
1616 412.969 
1617 413.047 
1618 413.09 
1619 413.098 
1620 413.071 
1621 413.008 
1622 412.909 
1623 412.773 
1624 412.599 
1625 412.389 
1626 412.141 
1627 411.854 
1628 411.529 
1629 411.164 
1630 410.761 
1631 410.317 
1632 409.833 
1633 409.309 
1634 408.743 
1635 408.136 
1636 407.487 
1637 406.796 
1638 406.062 
1639 405.285 
1640 404.464 
1641 403.6 
1642 402.691 
1643 401.737 
1644 400.738 
1645 399.693 
1646 398.602 
1647 397.465 
1648 396.28 
1649 395.049 
1650 393.769 
1651 392.442 
1652 391.067 
1653 389.646 
1654 388.18 
1655 386.67 
1656 385.116 
1657 383.52 
1658 381.884 
1659 380.207 
1660 378.491 
1661 376.738 
1662 374.947 
1663 373.121 
1664 371.26 
1665 369.365 
1666 367.438 
1667 365.479 
1668 363.49 
1669 361.472 
1670 359.425 
1671 357.351 
1672 355.252 
1673 353.127 
1674 350.979 
1675 348.809 
1676 346.617 
1677 344.404 
1678 342.173 
1679 339.924 
1680 337.657 
1681 335.376 
1682 333.079 
1683 330.77 
1684 328.448 
1685 326.116 
1686 323.773 
1687 321.423 
1688 319.065 
1689 316.701 
1690 314.332 
1691 311.959 
1692 309.584 
1693 307.208 
1694 304.832 
1695 302.458 
1696 300.086 
1697 297.717 
1698 295.354 
1699 292.998 
1700 290.649 
1701 288.309 
1702 285.978 
1703 283.658 
1704 281.348 
1705 279.049 
1706 276.761 
1707 274.486 
1708 272.224 
1709 269.975 
1710 267.74 
1711 265.52 
1712 263.314 
1713 261.124 
1714 258.95 
1715 256.792 
1716 254.652 
1717 252.53 
1718 250.426 
1719 248.341 
1720 246.276 
1721 244.23 
1722 242.206 
1723 240.202 
1724 238.221 
1725 236.262 
1726 234.326 
1727 232.413 
1728 230.525 
1729 228.662 
1730 226.824 
1731 225.012 
1732 223.227 
1733 221.469 
1734 219.739 
1735 218.038 
1736 216.365 
1737 214.722 
1738 213.11 
1739 211.529 
1740 209.979 
1741 208.461 
1742 206.976 
1743 205.525 
1744 204.108 
1745 202.726 
1746 201.379 
1747 200.068 
1748 198.793 
1749 197.557 
1750 196.358 
1751 195.197 
1752 194.075 
1753 192.99 
1754 191.943 
1755 190.932 
1756 189.957 
1757 189.017 
1758 188.113 
1759 187.243 
1760 186.407 
1761 185.604 
1762 184.835 
1763 184.097 
1764 183.392 
1765 182.717 
1766 182.074 
1767 181.46 
1768 180.876 
1769 180.321 
1770 179.795 
1771 179.296 
1772 178.825 
1773 178.38 
1774 177.962 
1775 177.569 
1776 177.201 
1777 176.858 
1778 176.538 
1779 176.242 
1780 175.969 
1781 175.717 
1782 175.487 
1783 175.278 
1784 175.089 
1785 174.92 
1786 174.77 
1787 174.638 
1788 174.524 
1789 174.427 
1790 174.347 
1791 174.283 
1792 174.234 
1793 174.2 
1794 174.18 
1795 174.174 
1796 174.18 
1797 174.198 
1798 174.228 
1799 174.269 
1800 174.32 
1801 174.381 
1802 174.45 
1803 174.529 
1804 174.616 
1805 174.711 
1806 174.814 
1807 174.924 
1808 175.04 
1809 175.164 
1810 175.293 
1811 175.428 
1812 175.568 
1813 175.713 
1814 175.863 
1815 176.017 
1816 176.174 
1817 176.335 
1818 176.498 
1819 176.664 
1820 176.832 
1821 177.001 
1822 177.172 
1823 177.343 
1824 177.515 
1825 177.687 
1826 177.858 
1827 178.028 
1828 178.197 
1829 178.364 
1830 178.529 
1831 178.692 
1832 178.851 
1833 179.006 
1834 179.158 
1835 179.305 
1836 179.448 
1837 179.585 
1838 179.716 
1839 179.841 
1840 179.96 
1841 180.071 
1842 180.175 
1843 180.271 
1844 180.359 
1845 180.437 
1846 180.506 
1847 180.566 
1848 180.615 
1849 180.653 
1850 180.68 
1851 180.695 
1852 180.698 
1853 180.69 
1854 180.671 
1855 180.639 
1856 180.597 
1857 180.542 
1858 180.476 
1859 180.399 
1860 180.311 
1861 180.211 
1862 180.099 
1863 179.977 
1864 179.843 
1865 179.698 
1866 179.542 
1867 179.375 
1868 179.196 
1869 179.007 
1870 178.807 
1871 178.596 
1872 178.373 
1873 178.14 
1874 177.897 
1875 177.642 
1876 177.377 
1877 177.101 
1878 176.814 
1879 176.517 
1880 176.209 
1881 175.891 
1882 175.562 
1883 175.223 
1884 174.874 
1885 174.514 
1886 174.144 
1887 173.763 
1888 173.373 
1889 172.972 
1890 172.561 
1891 172.141 
1892 171.71 
1893 171.269 
1894 170.818 
1895 170.358 
1896 169.888 
1897 169.408 
1898 168.918 
1899 168.419 
1900 167.91 
1901 167.391 
1902 166.863 
1903 166.327 
1904 165.781 
1905 165.227 
1906 164.664 
1907 164.093 
1908 163.514 
1909 162.928 
1910 162.334 
1911 161.733 
1912 161.125 
1913 160.511 
1914 159.89 
1915 159.262 
1916 158.629 
1917 157.99 
1918 157.346 
1919 156.696 
1920 156.041 
1921 155.382 
1922 154.718 
1923 154.05 
1924 153.378 
1925 152.703 
1926 152.024 
1927 151.341 
1928 150.656 
1929 149.968 
1930 149.278 
1931 148.586 
1932 147.891 
1933 147.196 
1934 146.498 
1935 145.8 
1936 145.101 
1937 144.401 
1938 143.702 
1939 143.002 
1940 142.302 
1941 141.603 
1942 140.905 
1943 140.208 
1944 139.512 
1945 138.818 
1946 138.126 
1947 137.436 
1948 136.749 
1949 136.064 
1950 135.382 
1951 134.704 
1952 134.029 
1953 133.357 
1954 132.689 
1955 132.023 
1956 131.36 
1957 130.7 
1958 130.043 
1959 129.389 
1960 128.737 
1961 128.087 
1962 127.44 
1963 126.795 
1964 126.153 
1965 125.512 
1966 124.874 
1967 124.237 
1968 123.603 
1969 122.97 
1970 122.339 
1971 121.709 
1972 121.081 
1973 120.454 
1974 119.828 
1975 119.204 
1976 118.581 
1977 117.959 
1978 117.337 
1979 116.717 
1980 116.097 
1981 115.478 
1982 114.859 
1983 114.241 
1984 113.623 
1985 113.005 
1986 112.388 
1987 111.77 
1988 111.153 
1989 110.535 
1990 109.917 
1991 109.298 
1992 108.679 
1993 108.06 
1994 107.44 
1995 106.819 
1996 106.197 
1997 105.574 
1998 104.95 
1999 104.325 
2000 103.699 
