2 90.5513 
3 94.394 
4 98.6194 
5 103.489 
6 108.856 
7 114.7 
8 120.961 
9 127.542 
10 134.537 
11 141.755 
12 149.227 
13 156.85 
14 164.721 
15 172.827 
16 180.965 
17 189.204 
18 197.656 
19 206.35 
20 215.205 
21 224.077 
22 232.981 
23 241.964 
24 251.048 
25 260.223 
26 269.455 
27 278.757 
28 288.139 
29 297.595 
30 307.096 
31 316.606 
32 326.139 
33 335.719 
34 345.367 
35 355.098 
36 364.921 
37 374.837 
38 384.839 
39 394.911 
40 405.026 
41 415.158 
42 425.311 
43 435.497 
44 445.727 
45 456.01 
46 466.354 
47 476.765 
48 487.245 
49 497.794 
50 508.41 
51 519.089 
52 529.837 
53 540.662 
54 551.571 
55 562.57 
56 573.663 
57 584.853 
58 596.14 
59 607.525 
60 619.005 
61 630.577 
62 642.246 
63 654.019 
64 665.902 
65 677.9 
66 690.017 
67 702.257 
68 714.623 
69 727.117 
70 739.74 
71 752.492 
72 765.378 
73 778.402 
74 791.57 
75 804.884 
76 818.348 
77 831.965 
78 845.736 
79 859.663 
80 873.745 
81 887.984 
82 902.382 
83 916.943 
84 931.669 
85 946.564 
86 961.63 
87 976.867 
88 992.278 
89 1007.86 
90 1023.62 
91 1039.55 
92 1055.66 
93 1071.94 
94 1088.4 
95 1105.04 
96 1121.86 
97 1138.85 
98 1156.01 
99 1173.36 
100 1190.87 
101 1208.55 
102 1226.41 
103 1244.43 
104 1262.62 
105 1280.99 
106 1299.53 
107 1318.23 
108 1337.1 
109 1356.14 
110 1375.35 
111 1394.72 
112 1414.24 
113 1433.93 
114 1453.77 
115 1473.75 
116 1493.89 
117 1514.16 
118 1534.57 
119 1555.11 
120 1575.77 
121 1596.55 
122 1617.44 
123 1638.45 
124 1659.56 
125 1680.78 
126 1702.09 
127 1723.5 
128 1745.01 
129 1766.59 
130 1788.26 
131 1810.01 
132 1831.82 
133 1853.7 
134 1875.64 
135 1897.63 
136 1919.66 
137 1941.73 
138 1963.83 
139 1985.95 
140 2008.09 
141 2030.23 
142 2052.36 
143 2074.5 
144 2096.61 
145 2118.71 
146 2140.79 
147 2162.83 
148 2184.84 
149 2206.79 
150 2228.7 
151 2250.54 
152 2272.32 
153 2294.02 
154 2315.64 
155 2337.16 
156 2358.59 
157 2379.9 
158 2401.1 
159 2422.17 
160 2443.11 
161 2463.89 
162 2484.53 
163 2505.01 
164 2525.32 
165 2545.45 
166 2565.41 
167 2585.18 
168 2604.76 
169 2624.13 
170 2643.3 
171 2662.25 
172 2680.97 
173 2699.47 
174 2717.73 
175 2735.74 
176 2753.5 
177 2770.99 
178 2788.22 
179 2805.16 
180 2821.82 
181 2838.19 
182 2854.26 
183 2870.02 
184 2885.47 
185 2900.6 
186 2915.41 
187 2929.9 
188 2944.04 
189 2957.85 
190 2971.32 
191 2984.43 
192 2997.19 
193 3009.59 
194 3021.62 
195 3033.27 
196 3044.56 
197 3055.46 
198 3065.97 
199 3076.09 
200 3085.81 
201 3095.13 
202 3104.04 
203 3112.55 
204 3120.64 
205 3128.32 
206 3135.58 
207 3142.42 
208 3148.84 
209 3154.84 
210 3160.41 
211 3165.56 
212 3170.27 
213 3174.56 
214 3178.41 
215 3181.83 
216 3184.82 
217 3187.37 
218 3189.48 
219 3191.16 
220 3192.4 
221 3193.2 
222 3193.56 
223 3193.49 
224 3192.97 
225 3192.03 
226 3190.64 
227 3188.82 
228 3186.56 
229 3183.87 
230 3180.76 
231 3177.21 
232 3173.24 
233 3168.84 
234 3164.02 
235 3158.79 
236 3153.14 
237 3147.07 
238 3140.6 
239 3133.73 
240 3126.46 
241 3118.79 
242 3110.73 
243 3102.28 
244 3093.45 
245 3084.25 
246 3074.67 
247 3064.73 
248 3054.43 
249 3043.78 
250 3032.78 
251 3021.44 
252 3009.76 
253 2997.76 
254 2985.43 
255 2972.78 
256 2959.82 
257 2946.55 
258 2932.98 
259 2919.12 
260 2904.97 
261 2890.54 
262 2875.83 
263 2860.86 
264 2845.64 
265 2830.16 
266 2814.43 
267 2798.47 
268 2782.29 
269 2765.89 
270 2749.28 
271 2732.47 
272 2715.47 
273 2698.28 
274 2680.93 
275 2663.41 
276 2645.75 
277 2627.94 
278 2609.99 
279 2591.92 
280 2573.73 
281 2555.43 
282 2537.03 
283 2518.53 
284 2499.96 
285 2481.31 
286 2462.6 
287 2443.83 
288 2425.02 
289 2406.18 
290 2387.31 
291 2368.43 
292 2349.55 
293 2330.67 
294 2311.81 
295 2292.99 
296 2274.2 
297 2255.47 
298 2236.8 
299 2218.21 
300 2199.71 
301 2181.31 
302 2163.01 
303 2144.83 
304 2126.76 
305 2108.82 
306 2091 
307 2073.32 
308 2055.78 
309 2038.38 
310 2021.14 
311 2004.05 
312 1987.12 
313 1970.36 
314 1953.78 
315 1937.37 
316 1921.15 
317 1905.11 
318 1889.28 
319 1873.64 
320 1858.21 
321 1842.99 
322 1827.99 
323 1813.22 
324 1798.67 
325 1784.36 
326 1770.28 
327 1756.46 
328 1742.88 
329 1729.56 
330 1716.51 
331 1703.72 
332 1691.21 
333 1678.97 
334 1667.02 
335 1655.36 
336 1644 
337 1632.94 
338 1622.18 
339 1611.74 
340 1601.61 
341 1591.81 
342 1582.33 
343 1573.2 
344 1564.4 
345 1555.94 
346 1547.84 
347 1540.09 
348 1532.7 
349 1525.68 
350 1519.04 
351 1512.77 
352 1506.87 
353 1501.36 
354 1496.22 
355 1491.46 
356 1487.07 
357 1483.06 
358 1479.42 
359 1476.16 
360 1473.26 
361 1470.74 
362 1468.58 
363 1466.8 
364 1465.37 
365 1464.31 
366 1463.61 
367 1463.27 
368 1463.29 
369 1463.66 
370 1464.38 
371 1465.45 
372 1466.86 
373 1468.61 
374 1470.7 
375 1473.13 
376 1475.88 
377 1478.96 
378 1482.37 
379 1486.09 
380 1490.12 
381 1494.46 
382 1499.11 
383 1504.06 
384 1509.29 
385 1514.82 
386 1520.63 
387 1526.72 
388 1533.07 
389 1539.7 
390 1546.58 
391 1553.71 
392 1561.08 
393 1568.7 
394 1576.54 
395 1584.61 
396 1592.9 
397 1601.39 
398 1610.09 
399 1618.97 
400 1628.05 
401 1637.29 
402 1646.71 
403 1656.3 
404 1666.05 
405 1675.96 
406 1686.02 
407 1696.24 
408 1706.6 
409 1717.1 
410 1727.73 
411 1738.5 
412 1749.39 
413 1760.4 
414 1771.52 
415 1782.76 
416 1794.1 
417 1805.53 
418 1817.06 
419 1828.67 
420 1840.36 
421 1852.13 
422 1863.96 
423 1875.85 
424 1887.8 
425 1899.79 
426 1911.83 
427 1923.89 
428 1935.99 
429 1948.09 
430 1960.22 
431 1972.34 
432 1984.46 
433 1996.57 
434 2008.65 
435 2020.71 
436 2032.73 
437 2044.71 
438 2056.63 
439 2068.49 
440 2080.28 
441 2091.99 
442 2103.61 
443 2115.13 
444 2126.54 
445 2137.84 
446 2149 
447 2160.03 
448 2170.92 
449 2181.64 
450 2192.2 
451 2202.58 
452 2212.78 
453 2222.81 
454 2232.65 
455 2242.3 
456 2251.77 
457 2261.06 
458 2270.16 
459 2279.07 
460 2287.8 
461 2296.33 
462 2304.67 
463 2312.82 
464 2320.77 
465 2328.53 
466 2336.1 
467 2343.46 
468 2350.63 
469 2357.6 
470 2364.37 
471 2370.94 
472 2377.31 
473 2383.48 
474 2389.44 
475 2395.19 
476 2400.74 
477 2406.08 
478 2411.22 
479 2416.14 
480 2420.86 
481 2425.37 
482 2429.67 
483 2433.75 
484 2437.62 
485 2441.28 
486 2444.72 
487 2447.95 
488 2450.97 
489 2453.76 
490 2456.35 
491 2458.71 
492 2460.85 
493 2462.78 
494 2464.49 
495 2465.97 
496 2467.24 
497 2468.28 
498 2469.11 
499 2469.71 
500 2470.09 
501 2470.24 
502 2470.18 
503 2469.9 
504 2469.41 
505 2468.71 
506 2467.81 
507 2466.7 
508 2465.4 
509 2463.91 
510 2462.23 
511 2460.37 
512 2458.33 
513 2456.11 
514 2453.73 
515 2451.17 
516 2448.46 
517 2445.6 
518 2442.58 
519 2439.42 
520 2436.12 
521 2432.68 
522 2429.12 
523 2425.43 
524 2421.62 
525 2417.7 
526 2413.67 
527 2409.54 
528 2405.32 
529 2401.01 
530 2396.61 
531 2392.14 
532 2387.6 
533 2382.99 
534 2378.33 
535 2373.62 
536 2368.86 
537 2364.06 
538 2359.24 
539 2354.39 
540 2349.52 
541 2344.65 
542 2339.77 
543 2334.9 
544 2330.05 
545 2325.21 
546 2320.4 
547 2315.63 
548 2310.91 
549 2306.24 
550 2301.63 
551 2297.08 
552 2292.61 
553 2288.22 
554 2283.9 
555 2279.67 
556 2275.52 
557 2271.46 
558 2267.5 
559 2263.63 
560 2259.86 
561 2256.19 
562 2252.63 
563 2249.19 
564 2245.86 
565 2242.64 
566 2239.55 
567 2236.58 
568 2233.75 
569 2231.04 
570 2228.48 
571 2226.06 
572 2223.78 
573 2221.65 
574 2219.68 
575 2217.86 
576 2216.21 
577 2214.72 
578 2213.4 
579 2212.26 
580 2211.29 
581 2210.51 
582 2209.92 
583 2209.51 
584 2209.31 
585 2209.3 
586 2209.5 
587 2209.91 
588 2210.54 
589 2211.38 
590 2212.45 
591 2213.75 
592 2215.28 
593 2217.04 
594 2219.06 
595 2221.31 
596 2223.83 
597 2226.59 
598 2229.63 
599 2232.92 
600 2236.5 
601 2240.34 
602 2244.47 
603 2248.87 
604 2253.53 
605 2258.47 
606 2263.68 
607 2269.15 
608 2274.88 
609 2280.87 
610 2287.12 
611 2293.62 
612 2300.38 
613 2307.38 
614 2314.63 
615 2322.13 
616 2329.87 
617 2337.84 
618 2346.05 
619 2354.49 
620 2363.16 
621 2372.06 
622 2381.18 
623 2390.52 
624 2400.07 
625 2409.84 
626 2419.81 
627 2429.99 
628 2440.38 
629 2450.96 
630 2461.73 
631 2472.7 
632 2483.86 
633 2495.19 
634 2506.71 
635 2518.4 
636 2530.26 
637 2542.29 
638 2554.49 
639 2566.84 
640 2579.34 
641 2592 
642 2604.8 
643 2617.74 
644 2630.81 
645 2644.02 
646 2657.35 
647 2670.81 
648 2684.38 
649 2698.06 
650 2711.86 
651 2725.75 
652 2739.74 
653 2753.82 
654 2767.98 
655 2782.23 
656 2796.55 
657 2810.93 
658 2825.38 
659 2839.89 
660 2854.45 
661 2869.05 
662 2883.69 
663 2898.36 
664 2913.06 
665 2927.77 
666 2942.5 
667 2957.24 
668 2971.98 
669 2986.71 
670 3001.43 
671 3016.12 
672 3030.79 
673 3045.43 
674 3060.02 
675 3074.57 
676 3089.06 
677 3103.49 
678 3117.84 
679 3132.12 
680 3146.32 
681 3160.42 
682 3174.42 
683 3188.32 
684 3202.1 
685 3215.75 
686 3229.28 
687 3242.66 
688 3255.89 
689 3268.97 
690 3281.89 
691 3294.63 
692 3307.19 
693 3319.55 
694 3331.73 
695 3343.69 
696 3355.43 
697 3366.96 
698 3378.24 
699 3389.29 
700 3400.08 
701 3410.61 
702 3420.87 
703 3430.88 
704 3440.61 
705 3450.07 
706 3459.26 
707 3468.18 
708 3476.82 
709 3485.18 
710 3493.26 
711 3501.05 
712 3508.57 
713 3515.79 
714 3522.73 
715 3529.37 
716 3535.72 
717 3541.78 
718 3547.53 
719 3552.99 
720 3558.14 
721 3562.99 
722 3567.54 
723 3571.77 
724 3575.7 
725 3579.31 
726 3582.61 
727 3585.58 
728 3588.24 
729 3590.58 
730 3592.59 
731 3594.28 
732 3595.64 
733 3596.67 
734 3597.36 
735 3597.72 
736 3597.75 
737 3597.43 
738 3596.78 
739 3595.77 
740 3594.43 
741 3592.73 
742 3590.69 
743 3588.29 
744 3585.53 
745 3582.42 
746 3578.95 
747 3575.12 
748 3570.93 
749 3566.37 
750 3561.44 
751 3556.14 
752 3550.47 
753 3544.44 
754 3538.05 
755 3531.31 
756 3524.22 
757 3516.78 
758 3508.99 
759 3500.87 
760 3492.42 
761 3483.63 
762 3474.53 
763 3465.1 
764 3455.35 
765 3445.3 
766 3434.94 
767 3424.27 
768 3413.31 
769 3402.06 
770 3390.52 
771 3378.7 
772 3366.61 
773 3354.24 
774 3341.61 
775 3328.71 
776 3315.56 
777 3302.16 
778 3288.52 
779 3274.64 
780 3260.52 
781 3246.18 
782 3231.62 
783 3216.84 
784 3201.85 
785 3186.66 
786 3171.27 
787 3155.69 
788 3139.92 
789 3123.98 
790 3107.86 
791 3091.58 
792 3075.13 
793 3058.54 
794 3041.79 
795 3024.91 
796 3007.9 
797 2990.76 
798 2973.5 
799 2956.13 
800 2938.65 
801 2921.08 
802 2903.41 
803 2885.66 
804 2867.83 
805 2849.92 
806 2831.94 
807 2813.89 
808 2795.79 
809 2777.63 
810 2759.43 
811 2741.19 
812 2722.91 
813 2704.6 
814 2686.27 
815 2667.92 
816 2649.56 
817 2631.2 
818 2612.84 
819 2594.48 
820 2576.15 
821 2557.83 
822 2539.54 
823 2521.28 
824 2503.07 
825 2484.9 
826 2466.79 
827 2448.74 
828 2430.76 
829 2412.85 
830 2395.03 
831 2377.29 
832 2359.65 
833 2342.12 
834 2324.69 
835 2307.38 
836 2290.2 
837 2273.15 
838 2256.25 
839 2239.49 
840 2222.88 
841 2206.44 
842 2190.17 
843 2174.08 
844 2158.18 
845 2142.47 
846 2126.97 
847 2111.67 
848 2096.6 
849 2081.75 
850 2067.13 
851 2052.76 
852 2038.64 
853 2024.76 
854 2011.12 
855 1997.74 
856 1984.6 
857 1971.71 
858 1959.07 
859 1946.69 
860 1934.56 
861 1922.68 
862 1911.05 
863 1899.68 
864 1888.57 
865 1877.71 
866 1867.11 
867 1856.77 
868 1846.69 
869 1836.87 
870 1827.31 
871 1818.02 
872 1808.99 
873 1800.22 
874 1791.72 
875 1783.48 
876 1775.51 
877 1767.81 
878 1760.37 
879 1753.21 
880 1746.32 
881 1739.69 
882 1733.34 
883 1727.26 
884 1721.46 
885 1715.93 
886 1710.67 
887 1705.69 
888 1700.99 
889 1696.56 
890 1692.41 
891 1688.54 
892 1684.95 
893 1681.64 
894 1678.62 
895 1675.87 
896 1673.41 
897 1671.22 
898 1669.33 
899 1667.71 
900 1666.39 
901 1665.35 
902 1664.59 
903 1664.1 
904 1663.9 
905 1663.96 
906 1664.29 
907 1664.88 
908 1665.73 
909 1666.83 
910 1668.18 
911 1669.78 
912 1671.62 
913 1673.69 
914 1675.99 
915 1678.53 
916 1681.28 
917 1684.26 
918 1687.44 
919 1690.84 
920 1694.44 
921 1698.24 
922 1702.23 
923 1706.41 
924 1710.78 
925 1715.33 
926 1720.05 
927 1724.94 
928 1729.99 
929 1735.2 
930 1740.57 
931 1746.09 
932 1751.74 
933 1757.54 
934 1763.47 
935 1769.52 
936 1775.7 
937 1781.99 
938 1788.39 
939 1794.89 
940 1801.49 
941 1808.19 
942 1814.97 
943 1821.83 
944 1828.76 
945 1835.77 
946 1842.83 
947 1849.96 
948 1857.13 
949 1864.34 
950 1871.6 
951 1878.88 
952 1886.19 
953 1893.53 
954 1900.88 
955 1908.25 
956 1915.63 
957 1923.01 
958 1930.4 
959 1937.79 
960 1945.18 
961 1952.55 
962 1959.91 
963 1967.26 
964 1974.58 
965 1981.87 
966 1989.14 
967 1996.36 
968 2003.55 
969 2010.7 
970 2017.79 
971 2024.84 
972 2031.82 
973 2038.75 
974 2045.6 
975 2052.39 
976 2059.1 
977 2065.73 
978 2072.27 
979 2078.72 
980 2085.08 
981 2091.33 
982 2097.48 
983 2103.53 
984 2109.45 
985 2115.26 
986 2120.94 
987 2126.49 
988 2131.9 
989 2137.18 
990 2142.31 
991 2147.29 
992 2152.11 
993 2156.77 
994 2161.26 
995 2165.58 
996 2169.73 
997 2173.69 
998 2177.46 
999 2181.03 
1000 2184.41 
1001 2187.58 
1002 2190.55 
1003 2193.32 
1004 2195.88 
1005 2198.24 
1006 2200.4 
1007 2202.36 
1008 2204.12 
1009 2205.68 
1010 2207.04 
1011 2208.2 
1012 2209.17 
1013 2209.95 
1014 2210.53 
1015 2210.92 
1016 2211.12 
1017 2211.12 
1018 2210.94 
1019 2210.57 
1020 2210.01 
1021 2209.26 
1022 2208.33 
1023 2207.21 
1024 2205.91 
1025 2204.43 
1026 2202.76 
1027 2200.92 
1028 2198.9 
1029 2196.7 
1030 2194.33 
1031 2191.77 
1032 2189.05 
1033 2186.15 
1034 2183.09 
1035 2179.85 
1036 2176.44 
1037 2172.87 
1038 2169.13 
1039 2165.22 
1040 2161.15 
1041 2156.92 
1042 2152.53 
1043 2147.98 
1044 2143.28 
1045 2138.41 
1046 2133.39 
1047 2128.22 
1048 2122.9 
1049 2117.42 
1050 2111.8 
1051 2106.03 
1052 2100.11 
1053 2094.06 
1054 2087.87 
1055 2081.54 
1056 2075.09 
1057 2068.51 
1058 2061.81 
1059 2054.99 
1060 2048.06 
1061 2041.01 
1062 2033.86 
1063 2026.61 
1064 2019.26 
1065 2011.81 
1066 2004.27 
1067 1996.64 
1068 1988.94 
1069 1981.15 
1070 1973.29 
1071 1965.35 
1072 1957.35 
1073 1949.29 
1074 1941.17 
1075 1933 
1076 1924.78 
1077 1916.51 
1078 1908.2 
1079 1899.86 
1080 1891.48 
1081 1883.07 
1082 1874.65 
1083 1866.2 
1084 1857.74 
1085 1849.27 
1086 1840.8 
1087 1832.33 
1088 1823.86 
1089 1815.4 
1090 1806.95 
1091 1798.53 
1092 1790.13 
1093 1781.75 
1094 1773.41 
1095 1765.11 
1096 1756.86 
1097 1748.65 
1098 1740.49 
1099 1732.4 
1100 1724.36 
1101 1716.4 
1102 1708.51 
1103 1700.69 
1104 1692.95 
1105 1685.28 
1106 1677.69 
1107 1670.19 
1108 1662.77 
1109 1655.44 
1110 1648.19 
1111 1641.04 
1112 1633.98 
1113 1627.02 
1114 1620.15 
1115 1613.39 
1116 1606.73 
1117 1600.17 
1118 1593.72 
1119 1587.39 
1120 1581.16 
1121 1575.05 
1122 1569.05 
1123 1563.18 
1124 1557.43 
1125 1551.8 
1126 1546.3 
1127 1540.93 
1128 1535.69 
1129 1530.59 
1130 1525.62 
1131 1520.8 
1132 1516.11 
1133 1511.57 
1134 1507.18 
1135 1502.94 
1136 1498.85 
1137 1494.92 
1138 1491.15 
1139 1487.53 
1140 1484.08 
1141 1480.8 
1142 1477.68 
1143 1474.74 
1144 1471.97 
1145 1469.37 
1146 1466.96 
1147 1464.73 
1148 1462.69 
1149 1460.83 
1150 1459.16 
1151 1457.69 
1152 1456.41 
1153 1455.32 
1154 1454.42 
1155 1453.7 
1156 1453.16 
1157 1452.81 
1158 1452.64 
1159 1452.64 
1160 1452.82 
1161 1453.17 
1162 1453.69 
1163 1454.38 
1164 1455.24 
1165 1456.25 
1166 1457.43 
1167 1458.77 
1168 1460.27 
1169 1461.92 
1170 1463.72 
1171 1465.67 
1172 1467.77 
1173 1470.01 
1174 1472.39 
1175 1474.92 
1176 1477.58 
1177 1480.37 
1178 1483.3 
1179 1486.35 
1180 1489.54 
1181 1492.84 
1182 1496.27 
1183 1499.82 
1184 1503.48 
1185 1507.25 
1186 1511.14 
1187 1515.13 
1188 1519.23 
1189 1523.44 
1190 1527.74 
1191 1532.13 
1192 1536.62 
1193 1541.21 
1194 1545.88 
1195 1550.63 
1196 1555.47 
1197 1560.39 
1198 1565.38 
1199 1570.44 
1200 1575.58 
1201 1580.78 
1202 1586.05 
1203 1591.38 
1204 1596.76 
1205 1602.2 
1206 1607.69 
1207 1613.23 
1208 1618.82 
1209 1624.45 
1210 1630.11 
1211 1635.81 
1212 1641.55 
1213 1647.31 
1214 1653.09 
1215 1658.9 
1216 1664.73 
1217 1670.58 
1218 1676.43 
1219 1682.3 
1220 1688.17 
1221 1694.04 
1222 1699.9 
1223 1705.77 
1224 1711.62 
1225 1717.46 
1226 1723.29 
1227 1729.09 
1228 1734.88 
1229 1740.63 
1230 1746.35 
1231 1752.04 
1232 1757.69 
1233 1763.3 
1234 1768.87 
1235 1774.38 
1236 1779.84 
1237 1785.24 
1238 1790.58 
1239 1795.86 
1240 1801.06 
1241 1806.2 
1242 1811.25 
1243 1816.23 
1244 1821.12 
1245 1825.92 
1246 1830.63 
1247 1835.24 
1248 1839.75 
1249 1844.15 
1250 1848.45 
1251 1852.63 
1252 1856.69 
1253 1860.64 
1254 1864.47 
1255 1868.19 
1256 1871.78 
1257 1875.25 
1258 1878.6 
1259 1881.82 
1260 1884.92 
1261 1887.89 
1262 1890.73 
1263 1893.45 
1264 1896.03 
1265 1898.48 
1266 1900.8 
1267 1902.99 
1268 1905.04 
1269 1906.95 
1270 1908.72 
1271 1910.35 
1272 1911.84 
1273 1913.19 
1274 1914.39 
1275 1915.45 
1276 1916.36 
1277 1917.13 
1278 1917.74 
1279 1918.2 
1280 1918.51 
1281 1918.67 
1282 1918.67 
1283 1918.51 
1284 1918.2 
1285 1917.72 
1286 1917.09 
1287 1916.29 
1288 1915.33 
1289 1914.2 
1290 1912.91 
1291 1911.45 
1292 1909.82 
1293 1908.01 
1294 1906.04 
1295 1903.89 
1296 1901.56 
1297 1899.06 
1298 1896.38 
1299 1893.52 
1300 1890.47 
1301 1887.25 
1302 1883.84 
1303 1880.25 
1304 1876.49 
1305 1872.56 
1306 1868.45 
1307 1864.17 
1308 1859.73 
1309 1855.13 
1310 1850.36 
1311 1845.43 
1312 1840.35 
1313 1835.11 
1314 1829.72 
1315 1824.19 
1316 1818.5 
1317 1812.68 
1318 1806.71 
1319 1800.61 
1320 1794.37 
1321 1787.99 
1322 1781.49 
1323 1774.86 
1324 1768.11 
1325 1761.23 
1326 1754.24 
1327 1747.12 
1328 1739.9 
1329 1732.57 
1330 1725.12 
1331 1717.58 
1332 1709.93 
1333 1702.18 
1334 1694.34 
1335 1686.41 
1336 1678.38 
1337 1670.27 
1338 1662.07 
1339 1653.8 
1340 1645.44 
1341 1637.01 
1342 1628.51 
1343 1619.95 
1344 1611.31 
1345 1602.62 
1346 1593.87 
1347 1585.06 
1348 1576.19 
1349 1567.28 
1350 1558.33 
1351 1549.33 
1352 1540.29 
1353 1531.21 
1354 1522.11 
1355 1512.96 
1356 1503.8 
1357 1494.6 
1358 1485.38 
1359 1476.15 
1360 1466.9 
1361 1457.63 
1362 1448.35 
1363 1439.07 
1364 1429.78 
1365 1420.49 
1366 1411.2 
1367 1401.91 
1368 1392.63 
1369 1383.37 
1370 1374.11 
1371 1364.88 
1372 1355.66 
1373 1346.47 
1374 1337.3 
1375 1328.16 
1376 1319.06 
1377 1309.99 
1378 1300.96 
1379 1291.98 
1380 1283.04 
1381 1274.15 
1382 1265.31 
1383 1256.53 
1384 1247.81 
1385 1239.15 
1386 1230.55 
1387 1222.03 
1388 1213.58 
1389 1205.2 
1390 1196.91 
1391 1188.7 
1392 1180.57 
1393 1172.54 
1394 1164.6 
1395 1156.75 
1396 1149.01 
1397 1141.38 
1398 1133.85 
1399 1126.43 
1400 1119.13 
1401 1111.95 
1402 1104.89 
1403 1097.94 
1404 1091.12 
1405 1084.42 
1406 1077.83 
1407 1071.37 
1408 1065.03 
1409 1058.8 
1410 1052.7 
1411 1046.71 
1412 1040.85 
1413 1035.11 
1414 1029.48 
1415 1023.98 
1416 1018.6 
1417 1013.34 
1418 1008.2 
1419 1003.18 
1420 998.277 
1421 993.499 
1422 988.84 
1423 984.303 
1424 979.886 
1425 975.591 
1426 971.416 
1427 967.362 
1428 963.43 
1429 959.618 
1430 955.927 
1431 952.358 
1432 948.909 
1433 945.582 
1434 942.376 
1435 939.291 
1436 936.327 
1437 933.484 
1438 930.762 
1439 928.162 
1440 925.683 
1441 923.325 
1442 921.089 
1443 918.973 
1444 916.979 
1445 915.106 
1446 913.355 
1447 911.724 
1448 910.215 
1449 908.827 
1450 907.56 
1451 906.414 
1452 905.387 
1453 904.478 
1454 903.686 
1455 903.007 
1456 902.441 
1457 901.985 
1458 901.638 
1459 901.399 
1460 901.264 
1461 901.233 
1462 901.304 
1463 901.475 
1464 901.743 
1465 902.107 
1466 902.566 
1467 903.117 
1468 903.758 
1469 904.488 
1470 905.304 
1471 906.204 
1472 907.188 
1473 908.252 
1474 909.394 
1475 910.614 
1476 911.907 
1477 913.274 
1478 914.711 
1479 916.217 
1480 917.789 
1481 919.426 
1482 921.125 
1483 922.885 
1484 924.702 
1485 926.576 
1486 928.504 
1487 930.483 
1488 932.513 
1489 934.589 
1490 936.711 
1491 938.877 
1492 941.083 
1493 943.328 
1494 945.609 
1495 947.925 
1496 950.273 
1497 952.651 
1498 955.056 
1499 957.486 
1500 959.939 
1501 962.413 
1502 964.906 
1503 967.415 
1504 969.939 
1505 972.476 
1506 975.023 
1507 977.58 
1508 980.143 
1509 982.711 
1510 985.282 
1511 987.854 
1512 990.424 
1513 992.991 
1514 995.553 
1515 998.107 
1516 1000.65 
1517 1003.18 
1518 1005.7 
1519 1008.21 
1520 1010.69 
1521 1013.16 
1522 1015.6 
1523 1018.02 
1524 1020.41 
1525 1022.77 
1526 1025.1 
1527 1027.4 
1528 1029.66 
1529 1031.89 
1530 1034.08 
1531 1036.22 
1532 1038.32 
1533 1040.37 
1534 1042.37 
1535 1044.32 
1536 1046.22 
1537 1048.06 
1538 1049.85 
1539 1051.57 
1540 1053.23 
1541 1054.83 
1542 1056.35 
1543 1057.81 
1544 1059.2 
1545 1060.51 
1546 1061.74 
1547 1062.89 
1548 1063.96 
1549 1064.95 
1550 1065.85 
1551 1066.66 
1552 1067.38 
1553 1068.01 
1554 1068.55 
1555 1069.01 
1556 1069.38 
1557 1069.65 
1558 1069.85 
1559 1069.95 
1560 1069.97 
1561 1069.9 
1562 1069.75 
1563 1069.51 
1564 1069.19 
1565 1068.78 
1566 1068.28 
1567 1067.71 
1568 1067.05 
1569 1066.3 
1570 1065.47 
1571 1064.56 
1572 1063.57 
1573 1062.5 
1574 1061.34 
1575 1060.11 
1576 1058.79 
1577 1057.39 
1578 1055.92 
1579 1054.36 
1580 1052.72 
1581 1051.01 
1582 1049.22 
1583 1047.35 
1584 1045.4 
1585 1043.37 
1586 1041.27 
1587 1039.1 
1588 1036.84 
1589 1034.52 
1590 1032.11 
1591 1029.64 
1592 1027.09 
1593 1024.46 
1594 1021.77 
1595 1019 
1596 1016.15 
1597 1013.24 
1598 1010.26 
1599 1007.2 
1600 1004.07 
1601 1000.88 
1602 997.617 
1603 994.288 
1604 990.895 
1605 987.439 
1606 983.923 
1607 980.348 
1608 976.716 
1609 973.029 
1610 969.289 
1611 965.498 
1612 961.658 
1613 957.771 
1614 953.838 
1615 949.861 
1616 945.843 
1617 941.786 
1618 937.691 
1619 933.561 
1620 929.396 
1621 925.201 
1622 920.975 
1623 916.723 
1624 912.444 
1625 908.142 
1626 903.819 
1627 899.477 
1628 895.117 
1629 890.742 
1630 886.354 
1631 881.955 
1632 877.547 
1633 873.132 
1634 868.713 
1635 864.292 
1636 859.87 
1637 855.45 
1638 851.034 
1639 846.624 
1640 842.223 
1641 837.832 
1642 833.454 
1643 829.092 
1644 824.746 
1645 820.421 
1646 816.117 
1647 811.838 
1648 807.584 
1649 803.36 
1650 799.167 
1651 795.007 
1652 790.88 
1653 786.789 
1654 782.732 
1655 778.712 
1656 774.727 
1657 770.78 
1658 766.871 
1659 763 
1660 759.168 
1661 755.375 
1662 751.623 
1663 747.911 
1664 744.241 
1665 740.613 
1666 737.028 
1667 733.486 
1668 729.989 
1669 726.536 
1670 723.128 
1671 719.767 
1672 716.452 
1673 713.185 
1674 709.965 
1675 706.795 
1676 703.673 
1677 700.602 
1678 697.581 
1679 694.612 
1680 691.695 
1681 688.83 
1682 686.019 
1683 683.262 
1684 680.56 
1685 677.913 
1686 675.323 
1687 672.789 
1688 670.313 
1689 667.895 
1690 665.537 
1691 663.238 
1692 660.999 
1693 658.821 
1694 656.706 
1695 654.652 
1696 652.662 
1697 650.737 
1698 648.875 
1699 647.079 
1700 645.35 
1701 643.687 
1702 642.09 
1703 640.56 
1704 639.094 
1705 637.694 
1706 636.357 
1707 635.084 
1708 633.875 
1709 632.728 
1710 631.643 
1711 630.62 
1712 629.658 
1713 628.756 
1714 627.913 
1715 627.131 
1716 626.406 
1717 625.74 
1718 625.132 
1719 624.58 
1720 624.085 
1721 623.646 
1722 623.261 
1723 622.932 
1724 622.656 
1725 622.434 
1726 622.265 
1727 622.147 
1728 622.082 
1729 622.067 
1730 622.103 
1731 622.188 
1732 622.323 
1733 622.506 
1734 622.736 
1735 623.014 
1736 623.339 
1737 623.709 
1738 624.125 
1739 624.586 
1740 625.09 
1741 625.637 
1742 626.228 
1743 626.86 
1744 627.533 
1745 628.248 
1746 629.002 
1747 629.795 
1748 630.627 
1749 631.497 
1750 632.404 
1751 633.348 
1752 634.327 
1753 635.341 
1754 636.387 
1755 637.466 
1756 638.577 
1757 639.717 
1758 640.886 
1759 642.083 
1760 643.307 
1761 644.556 
1762 645.83 
1763 647.127 
1764 648.446 
1765 649.787 
1766 651.147 
1767 652.526 
1768 653.923 
1769 655.336 
1770 656.765 
1771 658.208 
1772 659.664 
1773 661.131 
1774 662.609 
1775 664.097 
1776 665.593 
1777 667.095 
1778 668.604 
1779 670.117 
1780 671.633 
1781 673.152 
1782 674.672 
1783 676.191 
1784 677.708 
1785 679.223 
1786 680.734 
1787 682.239 
1788 683.738 
1789 685.229 
1790 686.711 
1791 688.182 
1792 689.642 
1793 691.088 
1794 692.521 
1795 693.937 
1796 695.337 
1797 696.719 
1798 698.081 
1799 699.422 
1800 700.741 
1801 702.036 
1802 703.308 
1803 704.554 
1804 705.774 
1805 706.968 
1806 708.134 
1807 709.273 
1808 710.383 
1809 711.463 
1810 712.512 
1811 713.531 
1812 714.517 
1813 715.471 
1814 716.392 
1815 717.278 
1816 718.129 
1817 718.945 
1818 719.723 
1819 720.465 
1820 721.168 
1821 721.832 
1822 722.456 
1823 723.04 
1824 723.582 
1825 724.082 
1826 724.539 
1827 724.951 
1828 725.319 
1829 725.642 
1830 725.918 
1831 726.147 
1832 726.328 
1833 726.46 
1834 726.542 
1835 726.574 
1836 726.554 
1837 726.482 
1838 726.356 
1839 726.177 
1840 725.943 
1841 725.653 
1842 725.306 
1843 724.902 
1844 724.44 
1845 723.918 
1846 723.336 
1847 722.693 
1848 721.989 
1849 721.221 
1850 720.39 
1851 719.494 
1852 718.535 
1853 717.512 
1854 716.426 
1855 715.277 
1856 714.068 
1857 712.796 
1858 711.465 
1859 710.073 
1860 708.623 
1861 707.113 
1862 705.545 
1863 703.92 
1864 702.238 
1865 700.499 
1866 698.705 
1867 696.856 
1868 694.952 
1869 692.994 
1870 690.983 
1871 688.92 
1872 686.804 
1873 684.638 
1874 682.42 
1875 680.153 
1876 677.836 
1877 675.471 
1878 673.057 
1879 670.596 
1880 668.088 
1881 665.534 
1882 662.935 
1883 660.29 
1884 657.602 
1885 654.87 
1886 652.096 
1887 649.28 
1888 646.422 
1889 643.523 
1890 640.584 
1891 637.607 
1892 634.59 
1893 631.536 
1894 628.444 
1895 625.316 
1896 622.152 
1897 618.953 
1898 615.72 
1899 612.453 
1900 609.153 
1901 605.822 
1902 602.459 
1903 599.068 
1904 595.649 
1905 592.204 
1906 588.734 
1907 585.242 
1908 581.729 
1909 578.196 
1910 574.644 
1911 571.077 
1912 567.495 
1913 563.899 
1914 560.292 
1915 556.675 
1916 553.049 
1917 549.417 
1918 545.78 
1919 542.14 
1920 538.497 
1921 534.855 
1922 531.215 
1923 527.577 
1924 523.945 
1925 520.32 
1926 516.703 
1927 513.096 
1928 509.501 
1929 505.92 
1930 502.354 
1931 498.805 
1932 495.275 
1933 491.765 
1934 488.278 
1935 484.815 
1936 481.378 
1937 477.969 
1938 474.589 
1939 471.24 
1940 467.925 
1941 464.644 
1942 461.4 
1943 458.195 
1944 455.03 
1945 451.907 
1946 448.828 
1947 445.795 
1948 442.81 
1949 439.875 
1950 436.991 
1951 434.16 
1952 431.382 
1953 428.654 
1954 425.978 
1955 423.35 
1956 420.771 
1957 418.239 
1958 415.753 
1959 413.312 
1960 410.915 
1961 408.561 
1962 406.249 
1963 403.978 
1964 401.747 
1965 399.555 
1966 397.399 
1967 395.281 
1968 393.198 
1969 391.149 
1970 389.133 
1971 387.149 
1972 385.197 
1973 383.274 
1974 381.38 
1975 379.513 
1976 377.673 
1977 375.858 
1978 374.067 
1979 372.299 
1980 370.553 
1981 368.828 
1982 367.122 
1983 365.434 
1984 363.764 
1985 362.109 
1986 360.47 
1987 358.844 
1988 357.23 
1989 355.627 
1990 354.035 
1991 352.451 
1992 350.875 
1993 349.305 
1994 347.74 
1995 346.179 
1996 344.62 
1997 343.063 
1998 341.507 
1999 339.949 
2000 338.388 
