2 379.784 
3 265.487 
4 202.893 
5 163.536 
6 136.733 
7 117.515 
8 103.223 
9 92.3797 
10 83.834 
11 77.0586 
12 71.8515 
13 67.5491 
14 64.1599 
15 61.5926 
16 59.3884 
17 57.5893 
18 56.3312 
19 55.6189 
20 55.2961 
21 55.1114 
22 55.0509 
23 55.1585 
24 55.452 
25 55.9174 
26 56.5211 
27 57.2655 
28 58.1523 
29 59.1669 
30 60.2753 
31 61.4369 
32 62.6533 
33 63.9359 
34 65.2936 
35 66.7316 
36 68.2513 
37 69.8494 
38 71.5182 
39 73.2443 
40 75.0088 
41 76.792 
42 78.5917 
43 80.4106 
44 82.2504 
45 84.1125 
46 85.9972 
47 87.9043 
48 89.8324 
49 91.7792 
50 93.7415 
51 95.7157 
52 97.7014 
53 99.6987 
54 101.707 
55 103.726 
56 105.754 
57 107.79 
58 109.83 
59 111.873 
60 113.916 
61 115.954 
62 117.986 
63 120.014 
64 122.036 
65 124.052 
66 126.061 
67 128.064 
68 130.057 
69 132.042 
70 134.016 
71 135.979 
72 137.929 
73 139.867 
74 141.791 
75 143.702 
76 145.599 
77 147.481 
78 149.346 
79 151.195 
80 153.026 
81 154.838 
82 156.631 
83 158.405 
84 160.158 
85 161.891 
86 163.603 
87 165.295 
88 166.964 
89 168.612 
90 170.236 
91 171.838 
92 173.416 
93 174.97 
94 176.5 
95 178.006 
96 179.487 
97 180.943 
98 182.374 
99 183.778 
100 185.157 
101 186.508 
102 187.833 
103 189.131 
104 190.402 
105 191.646 
106 192.862 
107 194.052 
108 195.214 
109 196.349 
110 197.457 
111 198.537 
112 199.589 
113 200.614 
114 201.61 
115 202.579 
116 203.519 
117 204.431 
118 205.315 
119 206.17 
120 206.996 
121 207.793 
122 208.562 
123 209.301 
124 210.011 
125 210.693 
126 211.346 
127 211.971 
128 212.567 
129 213.135 
130 213.674 
131 214.186 
132 214.669 
133 215.124 
134 215.552 
135 215.952 
136 216.324 
137 216.668 
138 216.985 
139 217.274 
140 217.537 
141 217.771 
142 217.979 
143 218.16 
144 218.314 
145 218.442 
146 218.543 
147 218.619 
148 218.668 
149 218.692 
150 218.69 
151 218.663 
152 218.611 
153 218.534 
154 218.432 
155 218.306 
156 218.156 
157 217.981 
158 217.783 
159 217.561 
160 217.315 
161 217.046 
162 216.754 
163 216.44 
164 216.102 
165 215.743 
166 215.362 
167 214.959 
168 214.534 
169 214.089 
170 213.622 
171 213.136 
172 212.628 
173 212.101 
174 211.554 
175 210.988 
176 210.402 
177 209.798 
178 209.175 
179 208.533 
180 207.873 
181 207.195 
182 206.5 
183 205.787 
184 205.058 
185 204.312 
186 203.549 
187 202.77 
188 201.976 
189 201.166 
190 200.341 
191 199.501 
192 198.646 
193 197.777 
194 196.894 
195 195.998 
196 195.088 
197 194.165 
198 193.229 
199 192.28 
200 191.319 
201 190.346 
202 189.361 
203 188.365 
204 187.357 
205 186.339 
206 185.31 
207 184.271 
208 183.222 
209 182.164 
210 181.096 
211 180.019 
212 178.933 
213 177.839 
214 176.737 
215 175.627 
216 174.509 
217 173.384 
218 172.252 
219 171.114 
220 169.968 
221 168.817 
222 167.659 
223 166.495 
224 165.326 
225 164.152 
226 162.972 
227 161.788 
228 160.599 
229 159.405 
230 158.208 
231 157.007 
232 155.803 
233 154.595 
234 153.384 
235 152.171 
236 150.955 
237 149.737 
238 148.518 
239 147.296 
240 146.073 
241 144.848 
242 143.623 
243 142.397 
244 141.17 
245 139.942 
246 138.715 
247 137.487 
248 136.26 
249 135.032 
250 133.806 
251 132.58 
252 131.354 
253 130.13 
254 128.907 
255 127.686 
256 126.466 
257 125.249 
258 124.033 
259 122.82 
260 121.61 
261 120.402 
262 119.197 
263 117.995 
264 116.797 
265 115.601 
266 114.41 
267 113.222 
268 112.038 
269 110.858 
270 109.683 
271 108.511 
272 107.344 
273 106.182 
274 105.024 
275 103.871 
276 102.722 
277 101.579 
278 100.441 
279 99.3076 
280 98.18 
281 97.0579 
282 95.9415 
283 94.8308 
284 93.7259 
285 92.627 
286 91.5342 
287 90.4475 
288 89.3671 
289 88.2929 
290 87.2252 
291 86.1638 
292 85.109 
293 84.0608 
294 83.0191 
295 81.9841 
296 80.9557 
297 79.9341 
298 78.9191 
299 77.9109 
300 76.9093 
301 75.9145 
302 74.9266 
303 73.9456 
304 72.9716 
305 72.0049 
306 71.0454 
307 70.0934 
308 69.1489 
309 68.2119 
310 67.2826 
311 66.3612 
312 65.4475 
313 64.5418 
314 63.6441 
315 62.7545 
316 61.8731 
317 60.9998 
318 60.1348 
319 59.278 
320 58.4297 
321 57.5897 
322 56.7581 
323 55.935 
324 55.1203 
325 54.3142 
326 53.5165 
327 52.7273 
328 51.9466 
329 51.1745 
330 50.4108 
331 49.6556 
332 48.9089 
333 48.1706 
334 47.4407 
335 46.7191 
336 46.0058 
337 45.3008 
338 44.6041 
339 43.9154 
340 43.2348 
341 42.5622 
342 41.8975 
343 41.2407 
344 40.5915 
345 39.95 
346 39.316 
347 38.6894 
348 38.0701 
349 37.4579 
350 36.8527 
351 36.2545 
352 35.6631 
353 35.0787 
354 34.5012 
355 33.9307 
356 33.3673 
357 32.8109 
358 32.2615 
359 31.7192 
360 31.1839 
361 30.6558 
362 30.1347 
363 29.6207 
364 29.1138 
365 28.614 
366 28.1213 
367 27.6356 
368 27.157 
369 26.6853 
370 26.2207 
371 25.7631 
372 25.3124 
373 24.8687 
374 24.4318 
375 24.0018 
376 23.5786 
377 23.1621 
378 22.7523 
379 22.3492 
380 21.9527 
381 21.5627 
382 21.1792 
383 20.8021 
384 20.4313 
385 20.0668 
386 19.7084 
387 19.3561 
388 19.0099 
389 18.6695 
390 18.3349 
391 18.0061 
392 17.6828 
393 17.3651 
394 17.0527 
395 16.7456 
396 16.4437 
397 16.1468 
398 15.8547 
399 15.5675 
400 15.2848 
401 15.0067 
402 14.733 
403 14.4638 
404 14.1991 
405 13.9388 
406 13.683 
407 13.4315 
408 13.1845 
409 12.9419 
410 12.7037 
411 12.4698 
412 12.2402 
413 12.0149 
414 11.794 
415 11.5772 
416 11.3647 
417 11.1564 
418 10.9523 
419 10.7522 
420 10.5563 
421 10.3644 
422 10.1766 
423 9.99266 
424 9.81268 
425 9.63659 
426 9.46432 
427 9.29584 
428 9.13109 
429 8.97001 
430 8.81255 
431 8.65866 
432 8.50828 
433 8.36133 
434 8.21777 
435 8.07752 
436 7.94051 
437 7.80668 
438 7.67596 
439 7.54827 
440 7.42353 
441 7.30167 
442 7.1826 
443 7.06625 
444 6.95253 
445 6.84135 
446 6.73262 
447 6.62626 
448 6.52217 
449 6.42025 
450 6.32041 
451 6.22256 
452 6.12667 
453 6.03275 
454 5.94077 
455 5.85073 
456 5.76262 
457 5.67642 
458 5.59212 
459 5.50971 
460 5.42918 
461 5.35051 
462 5.27368 
463 5.19868 
464 5.12549 
465 5.0541 
466 4.98449 
467 4.91664 
468 4.85052 
469 4.78613 
470 4.72343 
471 4.66241 
472 4.60305 
473 4.54532 
474 4.4892 
475 4.43466 
476 4.38169 
477 4.33025 
478 4.28031 
479 4.23186 
480 4.18486 
481 4.13928 
482 4.0951 
483 4.05228 
484 4.0108 
485 3.97062 
486 3.9317 
487 3.89402 
488 3.85754 
489 3.82223 
490 3.78805 
491 3.75497 
492 3.72294 
493 3.69193 
494 3.66191 
495 3.63282 
496 3.60463 
497 3.5773 
498 3.55079 
499 3.52505 
500 3.50004 
501 3.47573 
502 3.4521 
503 3.42914 
504 3.40686 
505 3.38526 
506 3.36433 
507 3.34406 
508 3.32445 
509 3.3055 
510 3.28721 
511 3.26957 
512 3.25257 
513 3.23621 
514 3.22049 
515 3.2054 
516 3.19093 
517 3.17708 
518 3.16385 
519 3.15123 
520 3.13921 
521 3.12779 
522 3.11695 
523 3.1067 
524 3.09703 
525 3.08793 
526 3.07939 
527 3.07141 
528 3.06397 
529 3.05708 
530 3.05072 
531 3.04488 
532 3.03956 
533 3.03475 
534 3.03043 
535 3.02661 
536 3.02326 
537 3.02039 
538 3.01798 
539 3.01603 
540 3.01452 
541 3.01343 
542 3.01278 
543 3.01253 
544 3.01268 
545 3.01323 
546 3.01415 
547 3.01544 
548 3.01709 
549 3.01908 
550 3.0214 
551 3.02405 
552 3.02701 
553 3.03029 
554 3.03389 
555 3.0378 
556 3.04203 
557 3.04658 
558 3.05144 
559 3.05661 
560 3.06209 
561 3.06788 
562 3.07399 
563 3.0804 
564 3.08711 
565 3.09413 
566 3.10146 
567 3.10908 
568 3.11701 
569 3.12523 
570 3.13375 
571 3.14257 
572 3.15168 
573 3.16108 
574 3.17077 
575 3.18075 
576 3.19102 
577 3.20157 
578 3.2124 
579 3.22351 
580 3.2349 
581 3.24656 
582 3.25849 
583 3.27069 
584 3.28317 
585 3.2959 
586 3.3089 
587 3.32216 
588 3.33567 
589 3.34944 
590 3.36346 
591 3.37773 
592 3.39224 
593 3.407 
594 3.42199 
595 3.43722 
596 3.45269 
597 3.46838 
598 3.4843 
599 3.50044 
600 3.5168 
601 3.53337 
602 3.55016 
603 3.56716 
604 3.58436 
605 3.60177 
606 3.61938 
607 3.63718 
608 3.65518 
609 3.67336 
610 3.69173 
611 3.71029 
612 3.72902 
613 3.74792 
614 3.767 
615 3.78625 
616 3.80566 
617 3.82523 
618 3.84495 
619 3.86483 
620 3.88485 
621 3.90502 
622 3.92533 
623 3.94577 
624 3.96634 
625 3.98704 
626 4.00785 
627 4.02879 
628 4.04984 
629 4.07099 
630 4.09225 
631 4.1136 
632 4.13505 
633 4.15658 
634 4.1782 
635 4.1999 
636 4.22167 
637 4.2435 
638 4.2654 
639 4.28736 
640 4.30936 
641 4.33141 
642 4.35351 
643 4.37563 
644 4.39779 
645 4.41997 
646 4.44216 
647 4.46437 
648 4.48658 
649 4.50879 
650 4.531 
651 4.55319 
652 4.57536 
653 4.59751 
654 4.61964 
655 4.64173 
656 4.66379 
657 4.68581 
658 4.70778 
659 4.7297 
660 4.75157 
661 4.77337 
662 4.79511 
663 4.81679 
664 4.83838 
665 4.8599 
666 4.88133 
667 4.90267 
668 4.92391 
669 4.94505 
670 4.96609 
671 4.98701 
672 5.00782 
673 5.0285 
674 5.04905 
675 5.06947 
676 5.08975 
677 5.10988 
678 5.12987 
679 5.14969 
680 5.16935 
681 5.18884 
682 5.20816 
683 5.22729 
684 5.24623 
685 5.26499 
686 5.28354 
687 5.30188 
688 5.32002 
689 5.33793 
690 5.35562 
691 5.37307 
692 5.39029 
693 5.40726 
694 5.42398 
695 5.44044 
696 5.45663 
697 5.47255 
698 5.48819 
699 5.50355 
700 5.51861 
701 5.53337 
702 5.54783 
703 5.56199 
704 5.57583 
705 5.58937 
706 5.60259 
707 5.61551 
708 5.6281 
709 5.64038 
710 5.65233 
711 5.66396 
712 5.67527 
713 5.68625 
714 5.6969 
715 5.70722 
716 5.7172 
717 5.72685 
718 5.73616 
719 5.74512 
720 5.75374 
721 5.76202 
722 5.76995 
723 5.77753 
724 5.78476 
725 5.79163 
726 5.79814 
727 5.8043 
728 5.81009 
729 5.81552 
730 5.82058 
731 5.82528 
732 5.8296 
733 5.83355 
734 5.83713 
735 5.84032 
736 5.84314 
737 5.84558 
738 5.84763 
739 5.84929 
740 5.85057 
741 5.85145 
742 5.85194 
743 5.85203 
744 5.85173 
745 5.85102 
746 5.84991 
747 5.8484 
748 5.84648 
749 5.84414 
750 5.8414 
751 5.83824 
752 5.83467 
753 5.83069 
754 5.8263 
755 5.8215 
756 5.81629 
757 5.81068 
758 5.80467 
759 5.79826 
760 5.79145 
761 5.78424 
762 5.77664 
763 5.76864 
764 5.76026 
765 5.75148 
766 5.74233 
767 5.73278 
768 5.72286 
769 5.71256 
770 5.70188 
771 5.69083 
772 5.6794 
773 5.66761 
774 5.65545 
775 5.64292 
776 5.63004 
777 5.61679 
778 5.60319 
779 5.58924 
780 5.57494 
781 5.56029 
782 5.54529 
783 5.52996 
784 5.51428 
785 5.49827 
786 5.48193 
787 5.46525 
788 5.44826 
789 5.43093 
790 5.41329 
791 5.39534 
792 5.37707 
793 5.35849 
794 5.33961 
795 5.32042 
796 5.30093 
797 5.28115 
798 5.26108 
799 5.24072 
800 5.22008 
801 5.19916 
802 5.17796 
803 5.15648 
804 5.13474 
805 5.11274 
806 5.09047 
807 5.06795 
808 5.04517 
809 5.02215 
810 4.99888 
811 4.97537 
812 4.95163 
813 4.92766 
814 4.90345 
815 4.87903 
816 4.85439 
817 4.82953 
818 4.80447 
819 4.7792 
820 4.75374 
821 4.72807 
822 4.70222 
823 4.67619 
824 4.64997 
825 4.62358 
826 4.59701 
827 4.57029 
828 4.5434 
829 4.51636 
830 4.48917 
831 4.46183 
832 4.43436 
833 4.40675 
834 4.37901 
835 4.35115 
836 4.32317 
837 4.29509 
838 4.26689 
839 4.2386 
840 4.21021 
841 4.18173 
842 4.15317 
843 4.12453 
844 4.09582 
845 4.06705 
846 4.03822 
847 4.00933 
848 3.9804 
849 3.95143 
850 3.92242 
851 3.89339 
852 3.86433 
853 3.83525 
854 3.80615 
855 3.77704 
856 3.74791 
857 3.71878 
858 3.68964 
859 3.66051 
860 3.63137 
861 3.60224 
862 3.57312 
863 3.54401 
864 3.51492 
865 3.48585 
866 3.4568 
867 3.42777 
868 3.39878 
869 3.36982 
870 3.3409 
871 3.31202 
872 3.28319 
873 3.25441 
874 3.22568 
875 3.197 
876 3.16839 
877 3.13984 
878 3.11136 
879 3.08295 
880 3.05461 
881 3.02636 
882 2.99819 
883 2.97011 
884 2.94213 
885 2.91424 
886 2.88645 
887 2.85876 
888 2.83118 
889 2.80372 
890 2.77637 
891 2.74915 
892 2.72205 
893 2.69508 
894 2.66825 
895 2.64156 
896 2.61501 
897 2.5886 
898 2.56235 
899 2.53626 
900 2.51033 
901 2.48456 
902 2.45896 
903 2.43353 
904 2.40827 
905 2.38318 
906 2.35825 
907 2.3335 
908 2.30891 
909 2.2845 
910 2.26026 
911 2.2362 
912 2.2123 
913 2.18859 
914 2.16504 
915 2.14168 
916 2.11849 
917 2.09547 
918 2.07264 
919 2.04998 
920 2.0275 
921 2.0052 
922 1.98308 
923 1.96115 
924 1.93939 
925 1.91781 
926 1.89642 
927 1.87521 
928 1.85419 
929 1.83335 
930 1.81269 
931 1.79222 
932 1.77194 
933 1.75184 
934 1.73193 
935 1.71221 
936 1.69268 
937 1.67333 
938 1.65418 
939 1.63521 
940 1.61644 
941 1.59785 
942 1.57946 
943 1.56126 
944 1.54325 
945 1.52543 
946 1.50781 
947 1.49038 
948 1.47315 
949 1.45611 
950 1.43927 
951 1.42262 
952 1.40617 
953 1.38991 
954 1.37384 
955 1.35797 
956 1.34229 
957 1.3268 
958 1.3115 
959 1.2964 
960 1.28148 
961 1.26675 
962 1.2522 
963 1.23784 
964 1.22367 
965 1.20969 
966 1.19588 
967 1.18226 
968 1.16882 
969 1.15557 
970 1.14249 
971 1.12959 
972 1.11687 
973 1.10433 
974 1.09196 
975 1.07977 
976 1.06775 
977 1.0559 
978 1.04423 
979 1.03272 
980 1.02139 
981 1.01022 
982 0.999223 
983 0.988389 
984 0.977719 
985 0.967213 
986 0.956869 
987 0.946686 
988 0.936662 
989 0.926797 
990 0.917088 
991 0.907535 
992 0.898136 
993 0.888891 
994 0.879796 
995 0.870852 
996 0.862056 
997 0.853407 
998 0.844905 
999 0.836546 
1000 0.82833 
1001 0.820256 
1002 0.812322 
1003 0.804526 
1004 0.796869 
1005 0.789349 
1006 0.781964 
1007 0.774714 
1008 0.767597 
1009 0.760612 
1010 0.753758 
1011 0.747034 
1012 0.740439 
1013 0.73397 
1014 0.727628 
1015 0.72141 
1016 0.715316 
1017 0.709344 
1018 0.703493 
1019 0.697761 
1020 0.692147 
1021 0.68665 
1022 0.681268 
1023 0.676 
1024 0.670844 
1025 0.6658 
1026 0.660865 
1027 0.656038 
1028 0.651319 
1029 0.646704 
1030 0.642193 
1031 0.637784 
1032 0.633475 
1033 0.629266 
1034 0.625154 
1035 0.621138 
1036 0.617216 
1037 0.613387 
1038 0.609649 
1039 0.606 
1040 0.602438 
1041 0.598963 
1042 0.595572 
1043 0.592264 
1044 0.589036 
1045 0.585888 
1046 0.582817 
1047 0.579821 
1048 0.576899 
1049 0.574049 
1050 0.571269 
1051 0.568557 
1052 0.565913 
1053 0.563337 
1054 0.560828 
1055 0.558385 
1056 0.556008 
1057 0.553697 
1058 0.551452 
1059 0.549271 
1060 0.547155 
1061 0.545103 
1062 0.543115 
1063 0.541189 
1064 0.539327 
1065 0.537526 
1066 0.535787 
1067 0.53411 
1068 0.532493 
1069 0.530937 
1070 0.52944 
1071 0.528003 
1072 0.526625 
1073 0.525305 
1074 0.524042 
1075 0.522837 
1076 0.521689 
1077 0.520597 
1078 0.51956 
1079 0.518579 
1080 0.517652 
1081 0.516779 
1082 0.51596 
1083 0.515193 
1084 0.514479 
1085 0.513817 
1086 0.513205 
1087 0.512645 
1088 0.512134 
1089 0.511672 
1090 0.51126 
1091 0.510895 
1092 0.510578 
1093 0.510307 
1094 0.510083 
1095 0.509905 
1096 0.509771 
1097 0.509682 
1098 0.509636 
1099 0.509634 
1100 0.509673 
1101 0.509755 
1102 0.509877 
1103 0.510041 
1104 0.510246 
1105 0.510492 
1106 0.510778 
1107 0.511104 
1108 0.51147 
1109 0.511876 
1110 0.512322 
1111 0.512807 
1112 0.513331 
1113 0.513894 
1114 0.514495 
1115 0.515135 
1116 0.515812 
1117 0.516528 
1118 0.517281 
1119 0.518071 
1120 0.518898 
1121 0.519762 
1122 0.520662 
1123 0.521599 
1124 0.522571 
1125 0.523579 
1126 0.524622 
1127 0.5257 
1128 0.526813 
1129 0.52796 
1130 0.529141 
1131 0.530356 
1132 0.531605 
1133 0.532886 
1134 0.534201 
1135 0.535548 
1136 0.536927 
1137 0.538338 
1138 0.539781 
1139 0.541255 
1140 0.54276 
1141 0.544296 
1142 0.545862 
1143 0.547457 
1144 0.549082 
1145 0.550737 
1146 0.55242 
1147 0.554132 
1148 0.555872 
1149 0.557639 
1150 0.559435 
1151 0.561257 
1152 0.563105 
1153 0.56498 
1154 0.566881 
1155 0.568806 
1156 0.570757 
1157 0.572732 
1158 0.57473 
1159 0.576752 
1160 0.578796 
1161 0.580863 
1162 0.582952 
1163 0.585062 
1164 0.587192 
1165 0.589343 
1166 0.591514 
1167 0.593704 
1168 0.595913 
1169 0.59814 
1170 0.600384 
1171 0.602646 
1172 0.604925 
1173 0.607219 
1174 0.609529 
1175 0.611854 
1176 0.614194 
1177 0.616547 
1178 0.618913 
1179 0.621293 
1180 0.623684 
1181 0.626088 
1182 0.628502 
1183 0.630926 
1184 0.633361 
1185 0.635805 
1186 0.638257 
1187 0.640718 
1188 0.643186 
1189 0.645661 
1190 0.648142 
1191 0.650629 
1192 0.653121 
1193 0.655617 
1194 0.658117 
1195 0.66062 
1196 0.663126 
1197 0.665634 
1198 0.668143 
1199 0.670652 
1200 0.673162 
1201 0.67567 
1202 0.678178 
1203 0.680684 
1204 0.683188 
1205 0.68569 
1206 0.688188 
1207 0.690684 
1208 0.693176 
1209 0.695663 
1210 0.698147 
1211 0.700625 
1212 0.703097 
1213 0.705564 
1214 0.708024 
1215 0.710477 
1216 0.712923 
1217 0.715361 
1218 0.717791 
1219 0.720213 
1220 0.722625 
1221 0.725027 
1222 0.72742 
1223 0.729801 
1224 0.732172 
1225 0.734531 
1226 0.736878 
1227 0.739213 
1228 0.741534 
1229 0.743842 
1230 0.746136 
1231 0.748416 
1232 0.75068 
1233 0.752929 
1234 0.755162 
1235 0.757378 
1236 0.759578 
1237 0.761759 
1238 0.763923 
1239 0.766068 
1240 0.768193 
1241 0.7703 
1242 0.772385 
1243 0.77445 
1244 0.776494 
1245 0.778516 
1246 0.780516 
1247 0.782492 
1248 0.784446 
1249 0.786375 
1250 0.788279 
1251 0.790159 
1252 0.792013 
1253 0.793841 
1254 0.795642 
1255 0.797416 
1256 0.799163 
1257 0.800882 
1258 0.802573 
1259 0.804235 
1260 0.805867 
1261 0.80747 
1262 0.809043 
1263 0.810584 
1264 0.812095 
1265 0.813574 
1266 0.815021 
1267 0.816435 
1268 0.817816 
1269 0.819163 
1270 0.820476 
1271 0.821754 
1272 0.822997 
1273 0.824205 
1274 0.825377 
1275 0.826511 
1276 0.827609 
1277 0.828669 
1278 0.829691 
1279 0.830674 
1280 0.831618 
1281 0.832522 
1282 0.833385 
1283 0.834208 
1284 0.83499 
1285 0.83573 
1286 0.836427 
1287 0.837082 
1288 0.837693 
1289 0.83826 
1290 0.838782 
1291 0.83926 
1292 0.839692 
1293 0.840077 
1294 0.840416 
1295 0.840708 
1296 0.840951 
1297 0.841146 
1298 0.841293 
1299 0.841389 
1300 0.841436 
1301 0.841432 
1302 0.841378 
1303 0.841273 
1304 0.841118 
1305 0.840913 
1306 0.840659 
1307 0.840354 
1308 0.840001 
1309 0.839598 
1310 0.839146 
1311 0.838646 
1312 0.838096 
1313 0.837499 
1314 0.836853 
1315 0.836159 
1316 0.835417 
1317 0.834628 
1318 0.833791 
1319 0.832907 
1320 0.831976 
1321 0.830999 
1322 0.829975 
1323 0.828904 
1324 0.827788 
1325 0.826625 
1326 0.825417 
1327 0.824164 
1328 0.822865 
1329 0.821522 
1330 0.820134 
1331 0.818701 
1332 0.817224 
1333 0.815704 
1334 0.814139 
1335 0.812531 
1336 0.81088 
1337 0.809186 
1338 0.807449 
1339 0.80567 
1340 0.803848 
1341 0.801985 
1342 0.80008 
1343 0.798133 
1344 0.796146 
1345 0.794117 
1346 0.792048 
1347 0.789939 
1348 0.78779 
1349 0.785601 
1350 0.783372 
1351 0.781104 
1352 0.778798 
1353 0.776454 
1354 0.774072 
1355 0.771653 
1356 0.769198 
1357 0.766707 
1358 0.764181 
1359 0.76162 
1360 0.759025 
1361 0.756396 
1362 0.753735 
1363 0.751041 
1364 0.748316 
1365 0.745559 
1366 0.742772 
1367 0.739956 
1368 0.737109 
1369 0.734235 
1370 0.731332 
1371 0.728402 
1372 0.725445 
1373 0.722461 
1374 0.719453 
1375 0.716419 
1376 0.713362 
1377 0.71028 
1378 0.707176 
1379 0.70405 
1380 0.700901 
1381 0.697733 
1382 0.694543 
1383 0.691335 
1384 0.688107 
1385 0.684861 
1386 0.681598 
1387 0.678317 
1388 0.675021 
1389 0.671709 
1390 0.668383 
1391 0.665042 
1392 0.661688 
1393 0.658322 
1394 0.654943 
1395 0.651554 
1396 0.648154 
1397 0.644744 
1398 0.641326 
1399 0.637899 
1400 0.634465 
1401 0.631024 
1402 0.627577 
1403 0.624124 
1404 0.620665 
1405 0.6172 
1406 0.613731 
1407 0.610257 
1408 0.606779 
1409 0.603297 
1410 0.599811 
1411 0.596322 
1412 0.59283 
1413 0.589335 
1414 0.585839 
1415 0.58234 
1416 0.57884 
1417 0.575339 
1418 0.571837 
1419 0.568335 
1420 0.564833 
1421 0.561331 
1422 0.55783 
1423 0.554331 
1424 0.550832 
1425 0.547336 
1426 0.543842 
1427 0.54035 
1428 0.536862 
1429 0.533377 
1430 0.529896 
1431 0.526419 
1432 0.522946 
1433 0.519479 
1434 0.516017 
1435 0.512561 
1436 0.509111 
1437 0.505668 
1438 0.502232 
1439 0.498803 
1440 0.495382 
1441 0.49197 
1442 0.488566 
1443 0.485171 
1444 0.481786 
1445 0.47841 
1446 0.475045 
1447 0.471691 
1448 0.468348 
1449 0.465016 
1450 0.461697 
1451 0.45839 
1452 0.455095 
1453 0.451814 
1454 0.448546 
1455 0.44529 
1456 0.442048 
1457 0.43882 
1458 0.435605 
1459 0.432404 
1460 0.429216 
1461 0.426043 
1462 0.422885 
1463 0.419741 
1464 0.416611 
1465 0.413496 
1466 0.410396 
1467 0.407312 
1468 0.404242 
1469 0.401189 
1470 0.39815 
1471 0.395128 
1472 0.392122 
1473 0.389132 
1474 0.386158 
1475 0.383201 
1476 0.38026 
1477 0.377336 
1478 0.37443 
1479 0.37154 
1480 0.368668 
1481 0.365814 
1482 0.362977 
1483 0.360159 
1484 0.357358 
1485 0.354576 
1486 0.351812 
1487 0.349067 
1488 0.346341 
1489 0.343634 
1490 0.340946 
1491 0.338277 
1492 0.335628 
1493 0.332999 
1494 0.33039 
1495 0.3278 
1496 0.325232 
1497 0.322683 
1498 0.320156 
1499 0.317649 
1500 0.315163 
1501 0.312699 
1502 0.310256 
1503 0.307834 
1504 0.305434 
1505 0.303054 
1506 0.300697 
1507 0.29836 
1508 0.296045 
1509 0.293751 
1510 0.291478 
1511 0.289227 
1512 0.286998 
1513 0.284789 
1514 0.282602 
1515 0.280436 
1516 0.278292 
1517 0.276169 
1518 0.274068 
1519 0.271988 
1520 0.269929 
1521 0.267892 
1522 0.265876 
1523 0.263882 
1524 0.261909 
1525 0.259957 
1526 0.258027 
1527 0.256118 
1528 0.254231 
1529 0.252365 
1530 0.250521 
1531 0.248698 
1532 0.246896 
1533 0.245116 
1534 0.243358 
1535 0.24162 
1536 0.239904 
1537 0.23821 
1538 0.236537 
1539 0.234885 
1540 0.233255 
1541 0.231646 
1542 0.230059 
1543 0.228493 
1544 0.226948 
1545 0.225425 
1546 0.223923 
1547 0.222443 
1548 0.220983 
1549 0.219546 
1550 0.218129 
1551 0.216734 
1552 0.21536 
1553 0.214007 
1554 0.212676 
1555 0.211365 
1556 0.210074 
1557 0.208805 
1558 0.207555 
1559 0.206326 
1560 0.205118 
1561 0.203929 
1562 0.20276 
1563 0.201611 
1564 0.200482 
1565 0.199373 
1566 0.198282 
1567 0.197211 
1568 0.196159 
1569 0.195126 
1570 0.194112 
1571 0.193117 
1572 0.19214 
1573 0.191182 
1574 0.190241 
1575 0.189319 
1576 0.188415 
1577 0.187529 
1578 0.18666 
1579 0.185809 
1580 0.184976 
1581 0.184159 
1582 0.18336 
1583 0.182577 
1584 0.181812 
1585 0.181063 
1586 0.18033 
1587 0.179614 
1588 0.178913 
1589 0.178229 
1590 0.177561 
1591 0.176908 
1592 0.17627 
1593 0.175648 
1594 0.175041 
1595 0.17445 
1596 0.173872 
1597 0.17331 
1598 0.172762 
1599 0.172228 
1600 0.171709 
1601 0.171203 
1602 0.170712 
1603 0.170234 
1604 0.169769 
1605 0.169318 
1606 0.16888 
1607 0.168456 
1608 0.168044 
1609 0.167646 
1610 0.16726 
1611 0.166887 
1612 0.166526 
1613 0.166178 
1614 0.165842 
1615 0.165518 
1616 0.165206 
1617 0.164906 
1618 0.164618 
1619 0.164341 
1620 0.164076 
1621 0.163821 
1622 0.163578 
1623 0.163346 
1624 0.163125 
1625 0.162914 
1626 0.162714 
1627 0.162524 
1628 0.162344 
1629 0.162175 
1630 0.162015 
1631 0.161866 
1632 0.161725 
1633 0.161595 
1634 0.161473 
1635 0.161361 
1636 0.161258 
1637 0.161163 
1638 0.161077 
1639 0.161 
1640 0.160931 
1641 0.16087 
1642 0.160818 
1643 0.160773 
1644 0.160736 
1645 0.160706 
1646 0.160684 
1647 0.160669 
1648 0.160661 
1649 0.16066 
1650 0.160665 
1651 0.160678 
1652 0.160696 
1653 0.160721 
1654 0.160753 
1655 0.16079 
1656 0.160834 
1657 0.160884 
1658 0.16094 
1659 0.161003 
1660 0.161071 
1661 0.161145 
1662 0.161225 
1663 0.161311 
1664 0.161402 
1665 0.161499 
1666 0.161602 
1667 0.16171 
1668 0.161824 
1669 0.161943 
1670 0.162068 
1671 0.162197 
1672 0.162332 
1673 0.162472 
1674 0.162618 
1675 0.162768 
1676 0.162923 
1677 0.163083 
1678 0.163247 
1679 0.163417 
1680 0.163591 
1681 0.163769 
1682 0.163953 
1683 0.16414 
1684 0.164332 
1685 0.164528 
1686 0.164729 
1687 0.164933 
1688 0.165142 
1689 0.165355 
1690 0.165571 
1691 0.165792 
1692 0.166016 
1693 0.166244 
1694 0.166475 
1695 0.166711 
1696 0.166949 
1697 0.167191 
1698 0.167436 
1699 0.167685 
1700 0.167936 
1701 0.168191 
1702 0.168449 
1703 0.168709 
1704 0.168973 
1705 0.16924 
1706 0.169509 
1707 0.169781 
1708 0.170056 
1709 0.170334 
1710 0.170614 
1711 0.170897 
1712 0.171182 
1713 0.17147 
1714 0.17176 
1715 0.172052 
1716 0.172347 
1717 0.172644 
1718 0.172943 
1719 0.173245 
1720 0.173548 
1721 0.173854 
1722 0.174162 
1723 0.174471 
1724 0.174783 
1725 0.175096 
1726 0.175411 
1727 0.175728 
1728 0.176046 
1729 0.176366 
1730 0.176688 
1731 0.177011 
1732 0.177335 
1733 0.177661 
1734 0.177988 
1735 0.178316 
1736 0.178646 
1737 0.178977 
1738 0.179309 
1739 0.179641 
1740 0.179975 
1741 0.18031 
1742 0.180645 
1743 0.180982 
1744 0.181319 
1745 0.181657 
1746 0.181995 
1747 0.182334 
1748 0.182673 
1749 0.183013 
1750 0.183353 
1751 0.183693 
1752 0.184034 
1753 0.184375 
1754 0.184716 
1755 0.185057 
1756 0.185397 
1757 0.185738 
1758 0.186079 
1759 0.186419 
1760 0.186759 
1761 0.187098 
1762 0.187437 
1763 0.187776 
1764 0.188114 
1765 0.188451 
1766 0.188787 
1767 0.189123 
1768 0.189457 
1769 0.189791 
1770 0.190124 
1771 0.190455 
1772 0.190786 
1773 0.191115 
1774 0.191442 
1775 0.191768 
1776 0.192093 
1777 0.192416 
1778 0.192738 
1779 0.193058 
1780 0.193375 
1781 0.193692 
1782 0.194006 
1783 0.194318 
1784 0.194628 
1785 0.194935 
1786 0.195241 
1787 0.195544 
1788 0.195845 
1789 0.196143 
1790 0.196438 
1791 0.196731 
1792 0.197021 
1793 0.197308 
1794 0.197593 
1795 0.197874 
1796 0.198152 
1797 0.198427 
1798 0.198699 
1799 0.198968 
1800 0.199233 
1801 0.199494 
1802 0.199752 
1803 0.200007 
1804 0.200257 
1805 0.200504 
1806 0.200747 
1807 0.200986 
1808 0.20122 
1809 0.201451 
1810 0.201677 
1811 0.201899 
1812 0.202116 
1813 0.202329 
1814 0.202537 
1815 0.202741 
1816 0.202939 
1817 0.203133 
1818 0.203322 
1819 0.203506 
1820 0.203684 
1821 0.203857 
1822 0.204025 
1823 0.204187 
1824 0.204344 
1825 0.204496 
1826 0.204641 
1827 0.204781 
1828 0.204914 
1829 0.205042 
1830 0.205164 
1831 0.205279 
1832 0.205388 
1833 0.205491 
1834 0.205587 
1835 0.205677 
1836 0.205759 
1837 0.205836 
1838 0.205905 
1839 0.205967 
1840 0.206022 
1841 0.20607 
1842 0.206111 
1843 0.206144 
1844 0.20617 
1845 0.206188 
1846 0.206199 
1847 0.206202 
1848 0.206197 
1849 0.206184 
1850 0.206163 
1851 0.206133 
1852 0.206096 
1853 0.20605 
1854 0.205996 
1855 0.205934 
1856 0.205864 
1857 0.205785 
1858 0.205699 
1859 0.205604 
1860 0.205501 
1861 0.205389 
1862 0.20527 
1863 0.205142 
1864 0.205006 
1865 0.204862 
1866 0.204709 
1867 0.204549 
1868 0.20438 
1869 0.204203 
1870 0.204017 
1871 0.203824 
1872 0.203622 
1873 0.203412 
1874 0.203194 
1875 0.202967 
1876 0.202732 
1877 0.202489 
1878 0.202238 
1879 0.201979 
1880 0.201711 
1881 0.201435 
1882 0.201151 
1883 0.200858 
1884 0.200557 
1885 0.200248 
1886 0.199931 
1887 0.199606 
1888 0.199272 
1889 0.19893 
1890 0.19858 
1891 0.198221 
1892 0.197854 
1893 0.197479 
1894 0.197096 
1895 0.196705 
1896 0.196305 
1897 0.195897 
1898 0.195481 
1899 0.195056 
1900 0.194623 
1901 0.194182 
1902 0.193733 
1903 0.193276 
1904 0.192811 
1905 0.192339 
1906 0.191859 
1907 0.191371 
1908 0.190876 
1909 0.190374 
1910 0.189866 
1911 0.18935 
1912 0.188828 
1913 0.188299 
1914 0.187764 
1915 0.187222 
1916 0.186675 
1917 0.186121 
1918 0.185562 
1919 0.184997 
1920 0.184427 
1921 0.183851 
1922 0.18327 
1923 0.182685 
1924 0.182094 
1925 0.181499 
1926 0.180899 
1927 0.180294 
1928 0.179686 
1929 0.179073 
1930 0.178457 
1931 0.177837 
1932 0.177213 
1933 0.176586 
1934 0.175955 
1935 0.175322 
1936 0.174685 
1937 0.174046 
1938 0.173404 
1939 0.17276 
1940 0.172113 
1941 0.171464 
1942 0.170814 
1943 0.170161 
1944 0.169507 
1945 0.168852 
1946 0.168195 
1947 0.167537 
1948 0.166878 
1949 0.166219 
1950 0.165559 
1951 0.164898 
1952 0.164237 
1953 0.163576 
1954 0.162914 
1955 0.162252 
1956 0.161589 
1957 0.160925 
1958 0.160261 
1959 0.159597 
1960 0.158932 
1961 0.158266 
1962 0.1576 
1963 0.156933 
1964 0.156265 
1965 0.155596 
1966 0.154927 
1967 0.154257 
1968 0.153586 
1969 0.152915 
1970 0.152242 
1971 0.151569 
1972 0.150895 
1973 0.15022 
1974 0.149544 
1975 0.148867 
1976 0.148189 
1977 0.14751 
1978 0.14683 
1979 0.146149 
1980 0.145467 
1981 0.144784 
1982 0.144099 
1983 0.143414 
1984 0.142727 
1985 0.14204 
1986 0.14135 
1987 0.14066 
1988 0.139969 
1989 0.139276 
1990 0.138581 
1991 0.137886 
1992 0.137189 
1993 0.136491 
1994 0.135791 
1995 0.13509 
1996 0.134387 
1997 0.133683 
1998 0.132977 
1999 0.132269 
2000 0.131561 
