2 1005.4 
3 943.741 
4 917.358 
5 903.472 
6 889.615 
7 876.074 
8 862.55 
9 848.549 
10 835.21 
11 821.214 
12 807.308 
13 792.565 
14 778.24 
15 764.441 
16 749.225 
17 733.47 
18 718.503 
19 704.756 
20 691.531 
21 677.448 
22 662.743 
23 647.993 
24 633.503 
25 619.247 
26 604.995 
27 590.912 
28 577.169 
29 563.754 
30 550.451 
31 536.964 
32 523.447 
33 510.154 
34 497.296 
35 485.031 
36 473.458 
37 462.611 
38 452.447 
39 442.84 
40 433.577 
41 424.43 
42 415.439 
43 406.707 
44 398.325 
45 390.371 
46 382.903 
47 375.963 
48 369.573 
49 363.731 
50 358.414 
51 353.594 
52 349.305 
53 345.595 
54 342.5 
55 340.046 
56 338.25 
57 337.115 
58 336.633 
59 336.781 
60 337.525 
61 338.828 
62 340.707 
63 343.186 
64 346.287 
65 350.028 
66 354.419 
67 359.468 
68 365.176 
69 371.539 
70 378.545 
71 386.183 
72 394.462 
73 403.392 
74 412.979 
75 423.229 
76 434.141 
77 445.714 
78 457.94 
79 470.811 
80 484.312 
81 498.428 
82 513.162 
83 528.514 
84 544.487 
85 561.078 
86 578.285 
87 596.102 
88 614.522 
89 633.535 
90 653.13 
91 673.294 
92 694.021 
93 715.306 
94 737.142 
95 759.522 
96 782.436 
97 805.873 
98 829.819 
99 854.261 
100 879.181 
101 904.566 
102 930.406 
103 956.696 
104 983.429 
105 1010.6 
106 1038.19 
107 1066.2 
108 1094.62 
109 1123.44 
110 1152.64 
111 1182.21 
112 1212.14 
113 1242.42 
114 1273.03 
115 1303.94 
116 1335.16 
117 1366.65 
118 1398.4 
119 1430.39 
120 1462.6 
121 1495.01 
122 1527.6 
123 1560.36 
124 1593.28 
125 1626.35 
126 1659.55 
127 1692.86 
128 1726.29 
129 1759.8 
130 1793.39 
131 1827.05 
132 1860.75 
133 1894.47 
134 1928.22 
135 1961.96 
136 1995.68 
137 2029.37 
138 2063 
139 2096.56 
140 2130.04 
141 2163.4 
142 2196.65 
143 2229.75 
144 2262.71 
145 2295.51 
146 2328.12 
147 2360.55 
148 2392.77 
149 2424.76 
150 2456.52 
151 2488.04 
152 2519.28 
153 2550.25 
154 2580.92 
155 2611.29 
156 2641.33 
157 2671.03 
158 2700.38 
159 2729.36 
160 2757.96 
161 2786.16 
162 2813.95 
163 2841.31 
164 2868.25 
165 2894.74 
166 2920.77 
167 2946.33 
168 2971.42 
169 2996.02 
170 3020.11 
171 3043.7 
172 3066.77 
173 3089.3 
174 3111.29 
175 3132.74 
176 3153.62 
177 3173.93 
178 3193.67 
179 3212.81 
180 3231.36 
181 3249.31 
182 3266.64 
183 3283.35 
184 3299.44 
185 3314.89 
186 3329.71 
187 3343.88 
188 3357.4 
189 3370.27 
190 3382.48 
191 3394.02 
192 3404.9 
193 3415.1 
194 3424.63 
195 3433.48 
196 3441.65 
197 3449.13 
198 3455.93 
199 3462.04 
200 3467.46 
201 3472.19 
202 3476.23 
203 3479.58 
204 3482.23 
205 3484.2 
206 3485.46 
207 3486.04 
208 3485.91 
209 3485.1 
210 3483.6 
211 3481.41 
212 3478.53 
213 3474.97 
214 3470.73 
215 3465.81 
216 3460.22 
217 3453.96 
218 3447.03 
219 3439.45 
220 3431.21 
221 3422.33 
222 3412.8 
223 3402.64 
224 3391.86 
225 3380.46 
226 3368.45 
227 3355.83 
228 3342.62 
229 3328.81 
230 3314.42 
231 3299.45 
232 3283.9 
233 3267.8 
234 3251.13 
235 3233.92 
236 3216.17 
237 3197.88 
238 3179.08 
239 3159.76 
240 3139.94 
241 3119.64 
242 3098.85 
243 3077.6 
244 3055.89 
245 3033.73 
246 3011.15 
247 2988.15 
248 2964.74 
249 2940.95 
250 2916.78 
251 2892.25 
252 2867.37 
253 2842.15 
254 2816.6 
255 2790.73 
256 2764.54 
257 2738.06 
258 2711.29 
259 2684.25 
260 2656.94 
261 2629.37 
262 2601.57 
263 2573.54 
264 2545.29 
265 2516.84 
266 2488.2 
267 2459.38 
268 2430.4 
269 2401.28 
270 2372.02 
271 2342.64 
272 2313.17 
273 2283.6 
274 2253.96 
275 2224.27 
276 2194.54 
277 2164.78 
278 2135 
279 2105.22 
280 2075.45 
281 2045.69 
282 2015.97 
283 1986.28 
284 1956.65 
285 1927.08 
286 1897.6 
287 1868.2 
288 1838.91 
289 1809.74 
290 1780.7 
291 1751.8 
292 1723.05 
293 1694.48 
294 1666.09 
295 1637.91 
296 1609.93 
297 1582.18 
298 1554.67 
299 1527.42 
300 1500.43 
301 1473.73 
302 1447.33 
303 1421.21 
304 1395.41 
305 1369.91 
306 1344.73 
307 1319.87 
308 1295.33 
309 1271.13 
310 1247.26 
311 1223.74 
312 1200.56 
313 1177.74 
314 1155.28 
315 1133.18 
316 1111.45 
317 1090.1 
318 1069.12 
319 1048.53 
320 1028.32 
321 1008.51 
322 989.089 
323 970.073 
324 951.462 
325 933.262 
326 915.474 
327 898.105 
328 881.156 
329 864.633 
330 848.539 
331 832.877 
332 817.651 
333 802.863 
334 788.518 
335 774.618 
336 761.166 
337 748.166 
338 735.619 
339 723.529 
340 711.897 
341 700.727 
342 690.02 
343 679.779 
344 670.005 
345 660.701 
346 651.868 
347 643.508 
348 635.622 
349 628.211 
350 621.278 
351 614.822 
352 608.841 
353 603.335 
354 598.3 
355 593.734 
356 589.634 
357 585.998 
358 582.821 
359 580.101 
360 577.835 
361 576.017 
362 574.645 
363 573.713 
364 573.219 
365 573.155 
366 573.519 
367 574.304 
368 575.506 
369 577.118 
370 579.135 
371 581.55 
372 584.358 
373 587.551 
374 591.123 
375 595.067 
376 599.376 
377 604.041 
378 609.056 
379 614.411 
380 620.1 
381 626.112 
382 632.44 
383 639.074 
384 646.005 
385 653.223 
386 660.719 
387 668.481 
388 676.501 
389 684.767 
390 693.268 
391 701.993 
392 710.931 
393 720.069 
394 729.396 
395 738.899 
396 748.566 
397 758.384 
398 768.339 
399 778.419 
400 788.609 
401 798.896 
402 809.276 
403 819.743 
404 830.292 
405 840.918 
406 851.616 
407 862.382 
408 873.21 
409 884.095 
410 895.031 
411 906.013 
412 917.035 
413 928.091 
414 939.176 
415 950.284 
416 961.409 
417 972.544 
418 983.683 
419 994.819 
420 1005.95 
421 1017.06 
422 1028.15 
423 1039.21 
424 1050.24 
425 1061.22 
426 1072.15 
427 1083.03 
428 1093.84 
429 1104.58 
430 1115.23 
431 1125.8 
432 1136.28 
433 1146.65 
434 1156.9 
435 1167.04 
436 1177.05 
437 1186.92 
438 1196.65 
439 1206.22 
440 1215.63 
441 1224.87 
442 1233.92 
443 1242.78 
444 1251.45 
445 1259.9 
446 1268.13 
447 1276.14 
448 1283.9 
449 1291.42 
450 1298.68 
451 1305.67 
452 1312.39 
453 1318.84 
454 1325.02 
455 1330.94 
456 1336.58 
457 1341.96 
458 1347.07 
459 1351.91 
460 1356.49 
461 1360.8 
462 1364.85 
463 1368.63 
464 1372.15 
465 1375.41 
466 1378.41 
467 1381.14 
468 1383.62 
469 1385.83 
470 1387.8 
471 1389.5 
472 1390.95 
473 1392.15 
474 1393.09 
475 1393.79 
476 1394.23 
477 1394.43 
478 1394.39 
479 1394.1 
480 1393.56 
481 1392.79 
482 1391.78 
483 1390.54 
484 1389.06 
485 1387.35 
486 1385.41 
487 1383.24 
488 1380.84 
489 1378.23 
490 1375.39 
491 1372.34 
492 1369.07 
493 1365.59 
494 1361.9 
495 1358 
496 1353.9 
497 1349.6 
498 1345.1 
499 1340.41 
500 1335.52 
501 1330.45 
502 1325.19 
503 1319.76 
504 1314.15 
505 1308.37 
506 1302.43 
507 1296.33 
508 1290.07 
509 1283.67 
510 1277.13 
511 1270.45 
512 1263.64 
513 1256.7 
514 1249.64 
515 1242.47 
516 1235.2 
517 1227.82 
518 1220.35 
519 1212.78 
520 1205.14 
521 1197.42 
522 1189.63 
523 1181.78 
524 1173.88 
525 1165.93 
526 1157.93 
527 1149.91 
528 1141.85 
529 1133.78 
530 1125.7 
531 1117.61 
532 1109.53 
533 1101.46 
534 1093.41 
535 1085.39 
536 1077.4 
537 1069.46 
538 1061.58 
539 1053.75 
540 1046 
541 1038.32 
542 1030.74 
543 1023.25 
544 1015.87 
545 1008.6 
546 1001.46 
547 994.453 
548 987.591 
549 980.882 
550 974.338 
551 967.966 
552 961.771 
553 955.754 
554 949.919 
555 944.268 
556 938.804 
557 933.528 
558 928.444 
559 923.555 
560 918.862 
561 914.369 
562 910.078 
563 905.991 
564 902.112 
565 898.443 
566 894.986 
567 891.745 
568 888.722 
569 885.919 
570 883.34 
571 880.987 
572 878.862 
573 876.97 
574 875.311 
575 873.89 
576 872.709 
577 871.77 
578 871.076 
579 870.631 
580 870.437 
581 870.497 
582 870.813 
583 871.389 
584 872.227 
585 873.331 
586 874.702 
587 876.345 
588 878.262 
589 880.455 
590 882.929 
591 885.684 
592 888.726 
593 892.056 
594 895.678 
595 899.594 
596 903.808 
597 908.322 
598 913.14 
599 918.264 
600 923.698 
601 929.444 
602 935.498 
603 941.859 
604 948.521 
605 955.482 
606 962.738 
607 970.285 
608 978.118 
609 986.235 
610 994.631 
611 1003.3 
612 1012.24 
613 1021.45 
614 1030.92 
615 1040.65 
616 1050.63 
617 1060.86 
618 1071.33 
619 1082.05 
620 1092.99 
621 1104.17 
622 1115.57 
623 1127.19 
624 1139.03 
625 1151.07 
626 1163.32 
627 1175.76 
628 1188.4 
629 1201.23 
630 1214.23 
631 1227.42 
632 1240.77 
633 1254.29 
634 1267.96 
635 1281.79 
636 1295.76 
637 1309.87 
638 1324.12 
639 1338.49 
640 1352.98 
641 1367.59 
642 1382.3 
643 1397.11 
644 1412.02 
645 1427.01 
646 1442.08 
647 1457.22 
648 1472.43 
649 1487.7 
650 1503.01 
651 1518.37 
652 1533.77 
653 1549.19 
654 1564.65 
655 1580.12 
656 1595.61 
657 1611.11 
658 1626.61 
659 1642.11 
660 1657.6 
661 1673.07 
662 1688.53 
663 1703.96 
664 1719.35 
665 1734.71 
666 1750.02 
667 1765.28 
668 1780.48 
669 1795.62 
670 1810.68 
671 1825.67 
672 1840.57 
673 1855.38 
674 1870.09 
675 1884.69 
676 1899.18 
677 1913.55 
678 1927.8 
679 1941.91 
680 1955.88 
681 1969.7 
682 1983.36 
683 1996.86 
684 2010.19 
685 2023.34 
686 2036.3 
687 2049.07 
688 2061.63 
689 2073.99 
690 2086.12 
691 2098.03 
692 2109.7 
693 2121.13 
694 2132.31 
695 2143.22 
696 2153.87 
697 2164.24 
698 2174.32 
699 2184.11 
700 2193.6 
701 2202.77 
702 2211.63 
703 2220.18 
704 2228.41 
705 2236.32 
706 2243.92 
707 2251.2 
708 2258.16 
709 2264.8 
710 2271.12 
711 2277.12 
712 2282.8 
713 2288.15 
714 2293.18 
715 2297.89 
716 2302.27 
717 2306.33 
718 2310.06 
719 2313.46 
720 2316.54 
721 2319.29 
722 2321.71 
723 2323.8 
724 2325.56 
725 2326.99 
726 2328.08 
727 2328.85 
728 2329.28 
729 2329.39 
730 2329.15 
731 2328.59 
732 2327.69 
733 2326.45 
734 2324.88 
735 2322.98 
736 2320.74 
737 2318.16 
738 2315.25 
739 2312 
740 2308.41 
741 2304.48 
742 2300.22 
743 2295.62 
744 2290.68 
745 2285.4 
746 2279.78 
747 2273.83 
748 2267.53 
749 2260.89 
750 2253.92 
751 2246.6 
752 2238.96 
753 2230.97 
754 2222.67 
755 2214.04 
756 2205.09 
757 2195.84 
758 2186.27 
759 2176.4 
760 2166.24 
761 2155.78 
762 2145.04 
763 2134.01 
764 2122.71 
765 2111.13 
766 2099.29 
767 2087.19 
768 2074.83 
769 2062.23 
770 2049.38 
771 2036.29 
772 2022.97 
773 2009.42 
774 1995.65 
775 1981.67 
776 1967.48 
777 1953.09 
778 1938.5 
779 1923.72 
780 1908.76 
781 1893.62 
782 1878.31 
783 1862.84 
784 1847.21 
785 1831.43 
786 1815.51 
787 1799.45 
788 1783.26 
789 1766.95 
790 1750.52 
791 1733.98 
792 1717.35 
793 1700.62 
794 1683.8 
795 1666.91 
796 1649.94 
797 1632.92 
798 1615.83 
799 1598.7 
800 1581.53 
801 1564.32 
802 1547.09 
803 1529.84 
804 1512.57 
805 1495.28 
806 1477.99 
807 1460.69 
808 1443.4 
809 1426.11 
810 1408.83 
811 1391.57 
812 1374.33 
813 1357.11 
814 1339.93 
815 1322.78 
816 1305.68 
817 1288.62 
818 1271.62 
819 1254.67 
820 1237.79 
821 1220.97 
822 1204.23 
823 1187.57 
824 1171 
825 1154.52 
826 1138.13 
827 1121.85 
828 1105.67 
829 1089.61 
830 1073.67 
831 1057.85 
832 1042.17 
833 1026.62 
834 1011.22 
835 995.971 
836 980.877 
837 965.945 
838 951.183 
839 936.596 
840 922.19 
841 907.973 
842 893.95 
843 880.128 
844 866.514 
845 853.114 
846 839.935 
847 826.984 
848 814.268 
849 801.792 
850 789.565 
851 777.592 
852 765.874 
853 754.411 
854 743.203 
855 732.249 
856 721.551 
857 711.108 
858 700.919 
859 690.984 
860 681.304 
861 671.879 
862 662.707 
863 653.789 
864 645.125 
865 636.714 
866 628.557 
867 620.653 
868 613.001 
869 605.602 
870 598.455 
871 591.56 
872 584.916 
873 578.524 
874 572.382 
875 566.491 
876 560.85 
877 555.458 
878 550.316 
879 545.422 
880 540.777 
881 536.38 
882 532.23 
883 528.327 
884 524.67 
885 521.259 
886 518.093 
887 515.172 
888 512.495 
889 510.062 
890 507.871 
891 505.923 
892 504.216 
893 502.75 
894 501.524 
895 500.537 
896 499.789 
897 499.28 
898 499.007 
899 498.971 
900 499.171 
901 499.604 
902 500.269 
903 501.162 
904 502.277 
905 503.612 
906 505.163 
907 506.926 
908 508.896 
909 511.069 
910 513.443 
911 516.011 
912 518.771 
913 521.717 
914 524.846 
915 528.154 
916 531.635 
917 535.286 
918 539.102 
919 543.078 
920 547.211 
921 551.495 
922 555.925 
923 560.497 
924 565.207 
925 570.049 
926 575.019 
927 580.112 
928 585.322 
929 590.646 
930 596.077 
931 601.611 
932 607.242 
933 612.967 
934 618.778 
935 624.671 
936 630.641 
937 636.683 
938 642.79 
939 648.958 
940 655.18 
941 661.453 
942 667.769 
943 674.123 
944 680.509 
945 686.923 
946 693.357 
947 699.807 
948 706.265 
949 712.727 
950 719.186 
951 725.637 
952 732.076 
953 738.501 
954 744.908 
955 751.295 
956 757.659 
957 763.997 
958 770.306 
959 776.583 
960 782.826 
961 789.03 
962 795.193 
963 801.312 
964 807.384 
965 813.405 
966 819.373 
967 825.285 
968 831.137 
969 836.925 
970 842.648 
971 848.301 
972 853.881 
973 859.386 
974 864.81 
975 870.152 
976 875.408 
977 880.575 
978 885.648 
979 890.626 
980 895.503 
981 900.277 
982 904.944 
983 909.5 
984 913.943 
985 918.268 
986 922.472 
987 926.551 
988 930.501 
989 934.32 
990 938.002 
991 941.545 
992 944.944 
993 948.196 
994 951.297 
995 954.243 
996 957.03 
997 959.655 
998 962.113 
999 964.4 
1000 966.513 
1001 968.449 
1002 970.207 
1003 971.789 
1004 973.197 
1005 974.431 
1006 975.493 
1007 976.385 
1008 977.107 
1009 977.661 
1010 978.049 
1011 978.272 
1012 978.331 
1013 978.228 
1014 977.964 
1015 977.541 
1016 976.96 
1017 976.222 
1018 975.33 
1019 974.285 
1020 973.088 
1021 971.741 
1022 970.245 
1023 968.603 
1024 966.816 
1025 964.885 
1026 962.812 
1027 960.599 
1028 958.247 
1029 955.759 
1030 953.136 
1031 950.379 
1032 947.491 
1033 944.474 
1034 941.328 
1035 938.057 
1036 934.661 
1037 931.143 
1038 927.505 
1039 923.748 
1040 919.875 
1041 915.887 
1042 911.786 
1043 907.575 
1044 903.255 
1045 898.828 
1046 894.296 
1047 889.662 
1048 884.928 
1049 880.095 
1050 875.166 
1051 870.142 
1052 865.028 
1053 859.825 
1054 854.536 
1055 849.165 
1056 843.715 
1057 838.189 
1058 832.589 
1059 826.918 
1060 821.181 
1061 815.38 
1062 809.518 
1063 803.598 
1064 797.623 
1065 791.598 
1066 785.524 
1067 779.406 
1068 773.247 
1069 767.049 
1070 760.817 
1071 754.553 
1072 748.261 
1073 741.945 
1074 735.608 
1075 729.254 
1076 722.885 
1077 716.506 
1078 710.121 
1079 703.732 
1080 697.343 
1081 690.958 
1082 684.581 
1083 678.215 
1084 671.864 
1085 665.533 
1086 659.223 
1087 652.941 
1088 646.688 
1089 640.47 
1090 634.289 
1091 628.151 
1092 622.058 
1093 616.015 
1094 610.026 
1095 604.095 
1096 598.225 
1097 592.422 
1098 586.689 
1099 581.03 
1100 575.449 
1101 569.95 
1102 564.535 
1103 559.205 
1104 553.962 
1105 548.805 
1106 543.738 
1107 538.76 
1108 533.874 
1109 529.08 
1110 524.38 
1111 519.775 
1112 515.266 
1113 510.855 
1114 506.543 
1115 502.331 
1116 498.221 
1117 494.213 
1118 490.309 
1119 486.511 
1120 482.82 
1121 479.237 
1122 475.763 
1123 472.401 
1124 469.15 
1125 466.013 
1126 462.991 
1127 460.085 
1128 457.297 
1129 454.628 
1130 452.079 
1131 449.652 
1132 447.349 
1133 445.17 
1134 443.118 
1135 441.192 
1136 439.396 
1137 437.73 
1138 436.196 
1139 434.796 
1140 433.53 
1141 432.4 
1142 431.408 
1143 430.555 
1144 429.843 
1145 429.273 
1146 428.846 
1147 428.565 
1148 428.43 
1149 428.444 
1150 428.607 
1151 428.92 
1152 429.383 
1153 429.994 
1154 430.749 
1155 431.648 
1156 432.688 
1157 433.868 
1158 435.184 
1159 436.636 
1160 438.221 
1161 439.936 
1162 441.781 
1163 443.752 
1164 445.847 
1165 448.065 
1166 450.403 
1167 452.859 
1168 455.43 
1169 458.115 
1170 460.911 
1171 463.815 
1172 466.827 
1173 469.942 
1174 473.159 
1175 476.476 
1176 479.889 
1177 483.398 
1178 486.998 
1179 490.689 
1180 494.467 
1181 498.329 
1182 502.274 
1183 506.299 
1184 510.401 
1185 514.578 
1186 518.828 
1187 523.146 
1188 527.532 
1189 531.982 
1190 536.494 
1191 541.065 
1192 545.692 
1193 550.373 
1194 555.105 
1195 559.885 
1196 564.71 
1197 569.578 
1198 574.486 
1199 579.431 
1200 584.41 
1201 589.421 
1202 594.46 
1203 599.526 
1204 604.617 
1205 609.729 
1206 614.862 
1207 620.011 
1208 625.176 
1209 630.354 
1210 635.541 
1211 640.737 
1212 645.938 
1213 651.142 
1214 656.346 
1215 661.548 
1216 666.746 
1217 671.937 
1218 677.118 
1219 682.287 
1220 687.441 
1221 692.579 
1222 697.696 
1223 702.791 
1224 707.861 
1225 712.903 
1226 717.914 
1227 722.893 
1228 727.836 
1229 732.74 
1230 737.604 
1231 742.423 
1232 747.195 
1233 751.918 
1234 756.589 
1235 761.205 
1236 765.763 
1237 770.26 
1238 774.693 
1239 779.06 
1240 783.358 
1241 787.583 
1242 791.733 
1243 795.805 
1244 799.796 
1245 803.702 
1246 807.522 
1247 811.251 
1248 814.887 
1249 818.427 
1250 821.868 
1251 825.207 
1252 828.442 
1253 831.575 
1254 834.604 
1255 837.528 
1256 840.347 
1257 843.061 
1258 845.668 
1259 848.169 
1260 850.564 
1261 852.85 
1262 855.029 
1263 857.098 
1264 859.059 
1265 860.91 
1266 862.651 
1267 864.281 
1268 865.8 
1269 867.207 
1270 868.501 
1271 869.683 
1272 870.752 
1273 871.706 
1274 872.546 
1275 873.271 
1276 873.88 
1277 874.374 
1278 874.75 
1279 875.01 
1280 875.152 
1281 875.175 
1282 875.08 
1283 874.865 
1284 874.531 
1285 874.076 
1286 873.5 
1287 872.803 
1288 871.984 
1289 871.042 
1290 869.977 
1291 868.788 
1292 867.475 
1293 866.037 
1294 864.473 
1295 862.784 
1296 860.968 
1297 859.026 
1298 856.955 
1299 854.757 
1300 852.43 
1301 849.974 
1302 847.391 
1303 844.682 
1304 841.85 
1305 838.896 
1306 835.823 
1307 832.632 
1308 829.325 
1309 825.905 
1310 822.373 
1311 818.731 
1312 814.982 
1313 811.128 
1314 807.17 
1315 803.111 
1316 798.953 
1317 794.698 
1318 790.347 
1319 785.904 
1320 781.371 
1321 776.749 
1322 772.04 
1323 767.248 
1324 762.374 
1325 757.42 
1326 752.389 
1327 747.283 
1328 742.104 
1329 736.855 
1330 731.538 
1331 726.154 
1332 720.708 
1333 715.2 
1334 709.634 
1335 704.011 
1336 698.334 
1337 692.606 
1338 686.828 
1339 681.004 
1340 675.136 
1341 669.226 
1342 663.277 
1343 657.292 
1344 651.272 
1345 645.221 
1346 639.14 
1347 633.033 
1348 626.903 
1349 620.751 
1350 614.58 
1351 608.393 
1352 602.193 
1353 595.98 
1354 589.756 
1355 583.525 
1356 577.286 
1357 571.043 
1358 564.798 
1359 558.552 
1360 552.307 
1361 546.065 
1362 539.829 
1363 533.6 
1364 527.38 
1365 521.171 
1366 514.976 
1367 508.796 
1368 502.634 
1369 496.491 
1370 490.37 
1371 484.272 
1372 478.2 
1373 472.156 
1374 466.142 
1375 460.16 
1376 454.212 
1377 448.301 
1378 442.428 
1379 436.596 
1380 430.808 
1381 425.064 
1382 419.368 
1383 413.721 
1384 408.127 
1385 402.586 
1386 397.102 
1387 391.677 
1388 386.312 
1389 381.011 
1390 375.775 
1391 370.608 
1392 365.51 
1393 360.486 
1394 355.536 
1395 350.664 
1396 345.871 
1397 341.16 
1398 336.534 
1399 331.995 
1400 327.545 
1401 323.187 
1402 318.92 
1403 314.745 
1404 310.661 
1405 306.668 
1406 302.766 
1407 298.954 
1408 295.232 
1409 291.601 
1410 288.06 
1411 284.608 
1412 281.245 
1413 277.972 
1414 274.787 
1415 271.692 
1416 268.684 
1417 265.765 
1418 262.934 
1419 260.19 
1420 257.534 
1421 254.965 
1422 252.482 
1423 250.087 
1424 247.777 
1425 245.554 
1426 243.416 
1427 241.364 
1428 239.397 
1429 237.514 
1430 235.717 
1431 234.003 
1432 232.374 
1433 230.828 
1434 229.366 
1435 227.987 
1436 226.69 
1437 225.476 
1438 224.344 
1439 223.294 
1440 222.325 
1441 221.437 
1442 220.63 
1443 219.904 
1444 219.258 
1445 218.691 
1446 218.204 
1447 217.796 
1448 217.467 
1449 217.216 
1450 217.043 
1451 216.948 
1452 216.929 
1453 216.985 
1454 217.115 
1455 217.317 
1456 217.591 
1457 217.935 
1458 218.348 
1459 218.828 
1460 219.373 
1461 219.984 
1462 220.658 
1463 221.394 
1464 222.191 
1465 223.047 
1466 223.961 
1467 224.932 
1468 225.957 
1469 227.037 
1470 228.169 
1471 229.352 
1472 230.584 
1473 231.865 
1474 233.192 
1475 234.564 
1476 235.981 
1477 237.439 
1478 238.938 
1479 240.477 
1480 242.053 
1481 243.666 
1482 245.314 
1483 246.995 
1484 248.707 
1485 250.45 
1486 252.222 
1487 254.021 
1488 255.845 
1489 257.694 
1490 259.565 
1491 261.456 
1492 263.367 
1493 265.296 
1494 267.241 
1495 269.2 
1496 271.172 
1497 273.155 
1498 275.147 
1499 277.148 
1500 279.154 
1501 281.165 
1502 283.18 
1503 285.197 
1504 287.214 
1505 289.232 
1506 291.249 
1507 293.263 
1508 295.273 
1509 297.279 
1510 299.279 
1511 301.272 
1512 303.257 
1513 305.232 
1514 307.197 
1515 309.15 
1516 311.089 
1517 313.015 
1518 314.924 
1519 316.817 
1520 318.692 
1521 320.548 
1522 322.384 
1523 324.197 
1524 325.988 
1525 327.754 
1526 329.495 
1527 331.209 
1528 332.895 
1529 334.551 
1530 336.177 
1531 337.77 
1532 339.33 
1533 340.856 
1534 342.346 
1535 343.798 
1536 345.211 
1537 346.585 
1538 347.917 
1539 349.207 
1540 350.452 
1541 351.652 
1542 352.805 
1543 353.91 
1544 354.966 
1545 355.97 
1546 356.922 
1547 357.82 
1548 358.663 
1549 359.449 
1550 360.177 
1551 360.846 
1552 361.456 
1553 362.006 
1554 362.499 
1555 362.933 
1556 363.31 
1557 363.629 
1558 363.891 
1559 364.096 
1560 364.245 
1561 364.338 
1562 364.375 
1563 364.357 
1564 364.285 
1565 364.158 
1566 363.976 
1567 363.741 
1568 363.453 
1569 363.112 
1570 362.718 
1571 362.272 
1572 361.775 
1573 361.226 
1574 360.626 
1575 359.975 
1576 359.275 
1577 358.524 
1578 357.725 
1579 356.876 
1580 355.979 
1581 355.034 
1582 354.042 
1583 353.002 
1584 351.915 
1585 350.783 
1586 349.604 
1587 348.38 
1588 347.11 
1589 345.797 
1590 344.439 
1591 343.037 
1592 341.592 
1593 340.105 
1594 338.575 
1595 337.003 
1596 335.39 
1597 333.736 
1598 332.042 
1599 330.308 
1600 328.534 
1601 326.722 
1602 324.871 
1603 322.984 
1604 321.062 
1605 319.105 
1606 317.116 
1607 315.094 
1608 313.042 
1609 310.961 
1610 308.852 
1611 306.716 
1612 304.555 
1613 302.369 
1614 300.161 
1615 297.93 
1616 295.68 
1617 293.41 
1618 291.122 
1619 288.818 
1620 286.498 
1621 284.165 
1622 281.819 
1623 279.462 
1624 277.094 
1625 274.719 
1626 272.336 
1627 269.947 
1628 267.554 
1629 265.157 
1630 262.759 
1631 260.361 
1632 257.963 
1633 255.568 
1634 253.177 
1635 250.791 
1636 248.411 
1637 246.04 
1638 243.678 
1639 241.328 
1640 238.989 
1641 236.665 
1642 234.355 
1643 232.063 
1644 229.788 
1645 227.534 
1646 225.301 
1647 223.09 
1648 220.903 
1649 218.743 
1650 216.609 
1651 214.504 
1652 212.428 
1653 210.382 
1654 208.365 
1655 206.377 
1656 204.42 
1657 202.493 
1658 200.597 
1659 198.732 
1660 196.898 
1661 195.096 
1662 193.325 
1663 191.586 
1664 189.88 
1665 188.206 
1666 186.566 
1667 184.958 
1668 183.384 
1669 181.844 
1670 180.338 
1671 178.866 
1672 177.428 
1673 176.026 
1674 174.659 
1675 173.327 
1676 172.031 
1677 170.772 
1678 169.548 
1679 168.361 
1680 167.212 
1681 166.099 
1682 165.024 
1683 163.987 
1684 162.989 
1685 162.028 
1686 161.107 
1687 160.224 
1688 159.381 
1689 158.578 
1690 157.814 
1691 157.091 
1692 156.409 
1693 155.767 
1694 155.167 
1695 154.608 
1696 154.091 
1697 153.616 
1698 153.184 
1699 152.794 
1700 152.448 
1701 152.145 
1702 151.884 
1703 151.667 
1704 151.491 
1705 151.356 
1706 151.263 
1707 151.209 
1708 151.196 
1709 151.222 
1710 151.287 
1711 151.391 
1712 151.532 
1713 151.71 
1714 151.925 
1715 152.177 
1716 152.464 
1717 152.786 
1718 153.143 
1719 153.534 
1720 153.959 
1721 154.416 
1722 154.906 
1723 155.427 
1724 155.98 
1725 156.564 
1726 157.178 
1727 157.822 
1728 158.494 
1729 159.195 
1730 159.924 
1731 160.68 
1732 161.463 
1733 162.272 
1734 163.107 
1735 163.966 
1736 164.85 
1737 165.757 
1738 166.688 
1739 167.642 
1740 168.617 
1741 169.613 
1742 170.631 
1743 171.668 
1744 172.725 
1745 173.801 
1746 174.895 
1747 176.006 
1748 177.135 
1749 178.279 
1750 179.44 
1751 180.616 
1752 181.806 
1753 183.009 
1754 184.226 
1755 185.456 
1756 186.697 
1757 187.95 
1758 189.213 
1759 190.486 
1760 191.768 
1761 193.059 
1762 194.357 
1763 195.663 
1764 196.976 
1765 198.294 
1766 199.618 
1767 200.946 
1768 202.278 
1769 203.614 
1770 204.951 
1771 206.291 
1772 207.631 
1773 208.972 
1774 210.313 
1775 211.653 
1776 212.991 
1777 214.326 
1778 215.659 
1779 216.987 
1780 218.311 
1781 219.63 
1782 220.942 
1783 222.248 
1784 223.546 
1785 224.836 
1786 226.118 
1787 227.389 
1788 228.65 
1789 229.9 
1790 231.137 
1791 232.362 
1792 233.574 
1793 234.771 
1794 235.953 
1795 237.12 
1796 238.27 
1797 239.402 
1798 240.517 
1799 241.612 
1800 242.688 
1801 243.744 
1802 244.778 
1803 245.792 
1804 246.784 
1805 247.754 
1806 248.703 
1807 249.628 
1808 250.531 
1809 251.411 
1810 252.267 
1811 253.1 
1812 253.908 
1813 254.692 
1814 255.451 
1815 256.185 
1816 256.893 
1817 257.575 
1818 258.232 
1819 258.861 
1820 259.464 
1821 260.039 
1822 260.587 
1823 261.106 
1824 261.598 
1825 262.06 
1826 262.494 
1827 262.898 
1828 263.272 
1829 263.616 
1830 263.93 
1831 264.213 
1832 264.464 
1833 264.684 
1834 264.872 
1835 265.027 
1836 265.15 
1837 265.24 
1838 265.296 
1839 265.318 
1840 265.306 
1841 265.26 
1842 265.178 
1843 265.061 
1844 264.909 
1845 264.72 
1846 264.494 
1847 264.232 
1848 263.933 
1849 263.595 
1850 263.22 
1851 262.806 
1852 262.355 
1853 261.865 
1854 261.339 
1855 260.775 
1856 260.175 
1857 259.539 
1858 258.867 
1859 258.159 
1860 257.417 
1861 256.641 
1862 255.83 
1863 254.986 
1864 254.108 
1865 253.198 
1866 252.255 
1867 251.28 
1868 250.274 
1869 249.236 
1870 248.168 
1871 247.069 
1872 245.941 
1873 244.783 
1874 243.596 
1875 242.38 
1876 241.137 
1877 239.866 
1878 238.567 
1879 237.242 
1880 235.89 
1881 234.513 
1882 233.11 
1883 231.682 
1884 230.229 
1885 228.753 
1886 227.253 
1887 225.729 
1888 224.183 
1889 222.615 
1890 221.025 
1891 219.414 
1892 217.782 
1893 216.129 
1894 214.457 
1895 212.766 
1896 211.055 
1897 209.326 
1898 207.58 
1899 205.815 
1900 204.034 
1901 202.237 
1902 200.424 
1903 198.596 
1904 196.755 
1905 194.9 
1906 193.034 
1907 191.156 
1908 189.268 
1909 187.371 
1910 185.465 
1911 183.552 
1912 181.632 
1913 179.707 
1914 177.777 
1915 175.843 
1916 173.906 
1917 171.967 
1918 170.027 
1919 168.087 
1920 166.147 
1921 164.21 
1922 162.275 
1923 160.344 
1924 158.417 
1925 156.496 
1926 154.582 
1927 152.675 
1928 150.777 
1929 148.888 
1930 147.01 
1931 145.143 
1932 143.289 
1933 141.448 
1934 139.621 
1935 137.81 
1936 136.016 
1937 134.238 
1938 132.48 
1939 130.741 
1940 129.022 
1941 127.325 
1942 125.651 
1943 124 
1944 122.373 
1945 120.773 
1946 119.199 
1947 117.653 
1948 116.136 
1949 114.649 
1950 113.193 
1951 111.768 
1952 110.375 
1953 109.013 
1954 107.681 
1955 106.378 
1956 105.105 
1957 103.86 
1958 102.643 
1959 101.453 
1960 100.289 
1961 99.1519 
1962 98.0396 
1963 96.952 
1964 95.8885 
1965 94.8483 
1966 93.8309 
1967 92.8356 
1968 91.8618 
1969 90.9088 
1970 89.9759 
1971 89.0626 
1972 88.1682 
1973 87.292 
1974 86.4333 
1975 85.5915 
1976 84.7659 
1977 83.9559 
1978 83.1607 
1979 82.3798 
1980 81.6123 
1981 80.8578 
1982 80.1153 
1983 79.3844 
1984 78.6642 
1985 77.9541 
1986 77.2534 
1987 76.5614 
1988 75.8774 
1989 75.2007 
1990 74.5305 
1991 73.8662 
1992 73.2071 
1993 72.5525 
1994 71.9015 
1995 71.2536 
1996 70.6079 
1997 69.9638 
1998 69.3205 
1999 68.6773 
2000 68.0334 
