2 0.00116846 
3 0.00164883 
4 0.0023356 
5 0.00321415 
6 0.00427474 
7 0.0055127 
8 0.00692644 
9 0.00851028 
10 0.01026 
11 0.012171 
12 0.0142395 
13 0.0164609 
14 0.0188308 
15 0.0213438 
16 0.023993 
17 0.0267736 
18 0.0296814 
19 0.0327116 
20 0.0358594 
21 0.0391193 
22 0.0424867 
23 0.0459568 
24 0.0495246 
25 0.0531854 
26 0.0569342 
27 0.0607663 
28 0.0646773 
29 0.0686628 
30 0.0727185 
31 0.0768403 
32 0.081024 
33 0.0852656 
34 0.0895611 
35 0.0939068 
36 0.098299 
37 0.102734 
38 0.107209 
39 0.11172 
40 0.116264 
41 0.120839 
42 0.125442 
43 0.130068 
44 0.134717 
45 0.139386 
46 0.144071 
47 0.148771 
48 0.153483 
49 0.158207 
50 0.162939 
51 0.167679 
52 0.172424 
53 0.177174 
54 0.181927 
55 0.186681 
56 0.191435 
57 0.196189 
58 0.200942 
59 0.205692 
60 0.21044 
61 0.215184 
62 0.219926 
63 0.224663 
64 0.229396 
65 0.234125 
66 0.238849 
67 0.243568 
68 0.248284 
69 0.252995 
70 0.257702 
71 0.262407 
72 0.267109 
73 0.271808 
74 0.276506 
75 0.281203 
76 0.285899 
77 0.290596 
78 0.295295 
79 0.299996 
80 0.304701 
81 0.30941 
82 0.314126 
83 0.318848 
84 0.323578 
85 0.328318 
86 0.333068 
87 0.337829 
88 0.342603 
89 0.347392 
90 0.352196 
91 0.357018 
92 0.361858 
93 0.366718 
94 0.371599 
95 0.376502 
96 0.38143 
97 0.386383 
98 0.391362 
99 0.39637 
100 0.401408 
101 0.406476 
102 0.411578 
103 0.416713 
104 0.421882 
105 0.427088 
106 0.432332 
107 0.437614 
108 0.442935 
109 0.448297 
110 0.453702 
111 0.459149 
112 0.46464 
113 0.470177 
114 0.475759 
115 0.481389 
116 0.487067 
117 0.492794 
118 0.49857 
119 0.504397 
120 0.510276 
121 0.516206 
122 0.52219 
123 0.528226 
124 0.534317 
125 0.540462 
126 0.546661 
127 0.552916 
128 0.559226 
129 0.565592 
130 0.572014 
131 0.578492 
132 0.585025 
133 0.591615 
134 0.59826 
135 0.604961 
136 0.611718 
137 0.618529 
138 0.625395 
139 0.632315 
140 0.639288 
141 0.646313 
142 0.653391 
143 0.660521 
144 0.667702 
145 0.674934 
146 0.682217 
147 0.689548 
148 0.696929 
149 0.704358 
150 0.711833 
151 0.719355 
152 0.726921 
153 0.734531 
154 0.742184 
155 0.749878 
156 0.757611 
157 0.765383 
158 0.773191 
159 0.781034 
160 0.788909 
161 0.796816 
162 0.804753 
163 0.812718 
164 0.820711 
165 0.828729 
166 0.836773 
167 0.844839 
168 0.852927 
169 0.861034 
170 0.86916 
171 0.877303 
172 0.88546 
173 0.89363 
174 0.901811 
175 0.91 
176 0.918197 
177 0.926397 
178 0.9346 
179 0.942803 
180 0.951004 
181 0.9592 
182 0.967389 
183 0.97557 
184 0.983741 
185 0.991901 
186 1.00005 
187 1.00818 
188 1.01629 
189 1.02439 
190 1.03247 
191 1.04052 
192 1.04855 
193 1.05656 
194 1.06453 
195 1.07248 
196 1.08039 
197 1.08827 
198 1.09612 
199 1.10392 
200 1.11168 
201 1.1194 
202 1.12708 
203 1.13471 
204 1.14229 
205 1.14983 
206 1.15731 
207 1.16474 
208 1.17213 
209 1.17945 
210 1.18673 
211 1.19394 
212 1.2011 
213 1.2082 
214 1.21525 
215 1.22223 
216 1.22914 
217 1.236 
218 1.24279 
219 1.24951 
220 1.25616 
221 1.26275 
222 1.26927 
223 1.27571 
224 1.28208 
225 1.28838 
226 1.2946 
227 1.30075 
228 1.30682 
229 1.31282 
230 1.31873 
231 1.32457 
232 1.33034 
233 1.33602 
234 1.34163 
235 1.34716 
236 1.35261 
237 1.35798 
238 1.36327 
239 1.36849 
240 1.37362 
241 1.37868 
242 1.38365 
243 1.38855 
244 1.39337 
245 1.39811 
246 1.40278 
247 1.40736 
248 1.41187 
249 1.4163 
250 1.42065 
251 1.42492 
252 1.42912 
253 1.43324 
254 1.43729 
255 1.44126 
256 1.44516 
257 1.44898 
258 1.45273 
259 1.45641 
260 1.46002 
261 1.46355 
262 1.46701 
263 1.47041 
264 1.47374 
265 1.477 
266 1.48019 
267 1.48332 
268 1.48638 
269 1.48938 
270 1.49232 
271 1.4952 
272 1.49802 
273 1.50078 
274 1.50349 
275 1.50614 
276 1.50874 
277 1.51128 
278 1.51377 
279 1.51622 
280 1.51861 
281 1.52096 
282 1.52326 
283 1.52552 
284 1.52774 
285 1.52991 
286 1.53204 
287 1.53414 
288 1.5362 
289 1.53823 
290 1.54022 
291 1.54219 
292 1.54412 
293 1.54603 
294 1.54791 
295 1.54977 
296 1.5516 
297 1.55342 
298 1.55522 
299 1.55701 
300 1.55878 
301 1.56055 
302 1.5623 
303 1.56405 
304 1.56579 
305 1.56752 
306 1.56924 
307 1.57096 
308 1.57268 
309 1.57439 
310 1.5761 
311 1.57781 
312 1.57952 
313 1.58123 
314 1.58293 
315 1.58465 
316 1.58636 
317 1.58808 
318 1.5898 
319 1.59153 
320 1.59327 
321 1.59501 
322 1.59676 
323 1.59852 
324 1.6003 
325 1.60208 
326 1.60388 
327 1.60569 
328 1.60752 
329 1.60936 
330 1.61122 
331 1.6131 
332 1.61499 
333 1.61691 
334 1.61885 
335 1.62081 
336 1.62279 
337 1.6248 
338 1.62684 
339 1.6289 
340 1.63099 
341 1.63311 
342 1.63526 
343 1.63744 
344 1.63966 
345 1.6419 
346 1.64419 
347 1.64651 
348 1.64887 
349 1.65126 
350 1.6537 
351 1.65618 
352 1.6587 
353 1.66126 
354 1.66386 
355 1.6665 
356 1.66919 
357 1.67191 
358 1.67468 
359 1.67748 
360 1.68033 
361 1.68321 
362 1.68613 
363 1.68909 
364 1.6921 
365 1.69513 
366 1.69821 
367 1.70132 
368 1.70447 
369 1.70766 
370 1.71088 
371 1.71414 
372 1.71744 
373 1.72076 
374 1.72412 
375 1.72752 
376 1.73094 
377 1.7344 
378 1.73789 
379 1.74141 
380 1.74495 
381 1.74853 
382 1.75213 
383 1.75577 
384 1.75942 
385 1.7631 
386 1.76681 
387 1.77054 
388 1.77429 
389 1.77806 
390 1.78185 
391 1.78566 
392 1.78949 
393 1.79334 
394 1.7972 
395 1.80107 
396 1.80496 
397 1.80886 
398 1.81277 
399 1.81669 
400 1.82062 
401 1.82455 
402 1.82849 
403 1.83243 
404 1.83638 
405 1.84033 
406 1.84428 
407 1.84824 
408 1.8522 
409 1.85615 
410 1.86011 
411 1.86406 
412 1.86802 
413 1.87196 
414 1.87591 
415 1.87985 
416 1.88378 
417 1.88771 
418 1.89163 
419 1.89554 
420 1.89944 
421 1.90332 
422 1.9072 
423 1.91106 
424 1.91491 
425 1.91874 
426 1.92256 
427 1.92635 
428 1.93013 
429 1.93389 
430 1.93762 
431 1.94134 
432 1.94503 
433 1.94869 
434 1.95233 
435 1.95594 
436 1.95951 
437 1.96306 
438 1.96658 
439 1.97006 
440 1.97351 
441 1.97692 
442 1.98029 
443 1.98362 
444 1.98691 
445 1.99016 
446 1.99336 
447 1.99651 
448 1.99962 
449 2.00268 
450 2.00569 
451 2.00864 
452 2.01155 
453 2.0144 
454 2.01719 
455 2.01993 
456 2.02262 
457 2.02525 
458 2.02783 
459 2.03036 
460 2.03283 
461 2.03525 
462 2.03761 
463 2.03992 
464 2.04217 
465 2.04437 
466 2.04651 
467 2.0486 
468 2.05063 
469 2.0526 
470 2.05452 
471 2.05639 
472 2.0582 
473 2.05995 
474 2.06165 
475 2.06329 
476 2.06487 
477 2.0664 
478 2.06787 
479 2.06929 
480 2.07065 
481 2.07195 
482 2.0732 
483 2.07439 
484 2.07552 
485 2.0766 
486 2.07761 
487 2.07858 
488 2.07948 
489 2.08033 
490 2.08112 
491 2.08186 
492 2.08254 
493 2.08316 
494 2.08372 
495 2.08423 
496 2.08468 
497 2.08507 
498 2.08541 
499 2.08569 
500 2.08591 
501 2.08608 
502 2.08619 
503 2.08625 
504 2.08625 
505 2.08619 
506 2.08609 
507 2.08592 
508 2.08571 
509 2.08545 
510 2.08513 
511 2.08477 
512 2.08436 
513 2.08389 
514 2.08339 
515 2.08283 
516 2.08223 
517 2.08158 
518 2.08089 
519 2.08016 
520 2.07938 
521 2.07857 
522 2.07771 
523 2.07681 
524 2.07588 
525 2.0749 
526 2.07389 
527 2.07285 
528 2.07177 
529 2.07065 
530 2.06951 
531 2.06833 
532 2.06713 
533 2.06589 
534 2.06462 
535 2.06333 
536 2.06202 
537 2.06068 
538 2.05931 
539 2.05792 
540 2.05652 
541 2.05509 
542 2.05364 
543 2.05218 
544 2.0507 
545 2.04921 
546 2.0477 
547 2.04619 
548 2.04466 
549 2.04312 
550 2.04158 
551 2.04003 
552 2.03847 
553 2.03691 
554 2.03534 
555 2.03377 
556 2.0322 
557 2.03062 
558 2.02904 
559 2.02746 
560 2.02589 
561 2.02431 
562 2.02273 
563 2.02115 
564 2.01957 
565 2.018 
566 2.01643 
567 2.01486 
568 2.0133 
569 2.01175 
570 2.0102 
571 2.00866 
572 2.00712 
573 2.00559 
574 2.00407 
575 2.00257 
576 2.00107 
577 1.99958 
578 1.99811 
579 1.99665 
580 1.9952 
581 1.99376 
582 1.99234 
583 1.99094 
584 1.98955 
585 1.98818 
586 1.98683 
587 1.9855 
588 1.98419 
589 1.98289 
590 1.98162 
591 1.98037 
592 1.97915 
593 1.97795 
594 1.97677 
595 1.97562 
596 1.9745 
597 1.9734 
598 1.97233 
599 1.97129 
600 1.97028 
601 1.9693 
602 1.96836 
603 1.96744 
604 1.96655 
605 1.9657 
606 1.96487 
607 1.96408 
608 1.96331 
609 1.96257 
610 1.96187 
611 1.96119 
612 1.96054 
613 1.95992 
614 1.95933 
615 1.95877 
616 1.95824 
617 1.95773 
618 1.95725 
619 1.9568 
620 1.95638 
621 1.95598 
622 1.95561 
623 1.95526 
624 1.95494 
625 1.95465 
626 1.95438 
627 1.95414 
628 1.95392 
629 1.95373 
630 1.95356 
631 1.95341 
632 1.95329 
633 1.95319 
634 1.95311 
635 1.95306 
636 1.95302 
637 1.95301 
638 1.95302 
639 1.95305 
640 1.9531 
641 1.95316 
642 1.95325 
643 1.95336 
644 1.95348 
645 1.95362 
646 1.95378 
647 1.95396 
648 1.95415 
649 1.95436 
650 1.95458 
651 1.95481 
652 1.95507 
653 1.95533 
654 1.95561 
655 1.9559 
656 1.9562 
657 1.95651 
658 1.95683 
659 1.95716 
660 1.95751 
661 1.95786 
662 1.95821 
663 1.95858 
664 1.95895 
665 1.95933 
666 1.95971 
667 1.9601 
668 1.96049 
669 1.96088 
670 1.96128 
671 1.96168 
672 1.96208 
673 1.96248 
674 1.96287 
675 1.96327 
676 1.96366 
677 1.96406 
678 1.96444 
679 1.96482 
680 1.9652 
681 1.96557 
682 1.96593 
683 1.96629 
684 1.96664 
685 1.96697 
686 1.9673 
687 1.96761 
688 1.96791 
689 1.9682 
690 1.96847 
691 1.96873 
692 1.96897 
693 1.96919 
694 1.9694 
695 1.96958 
696 1.96975 
697 1.96989 
698 1.97001 
699 1.97011 
700 1.97018 
701 1.97023 
702 1.97025 
703 1.97025 
704 1.97022 
705 1.97016 
706 1.97008 
707 1.96997 
708 1.96983 
709 1.96966 
710 1.96947 
711 1.96925 
712 1.969 
713 1.96873 
714 1.96842 
715 1.96809 
716 1.96773 
717 1.96734 
718 1.96692 
719 1.96647 
720 1.96599 
721 1.96548 
722 1.96494 
723 1.96437 
724 1.96377 
725 1.96314 
726 1.96247 
727 1.96178 
728 1.96105 
729 1.9603 
730 1.95951 
731 1.95869 
732 1.95783 
733 1.95695 
734 1.95603 
735 1.95507 
736 1.95409 
737 1.95307 
738 1.95201 
739 1.95092 
740 1.9498 
741 1.94864 
742 1.94745 
743 1.94622 
744 1.94495 
745 1.94365 
746 1.94232 
747 1.94094 
748 1.93953 
749 1.93809 
750 1.9366 
751 1.93508 
752 1.93352 
753 1.93193 
754 1.9303 
755 1.92863 
756 1.92693 
757 1.92519 
758 1.92342 
759 1.92161 
760 1.91977 
761 1.9179 
762 1.91599 
763 1.91405 
764 1.91208 
765 1.91008 
766 1.90804 
767 1.90598 
768 1.90388 
769 1.90176 
770 1.89961 
771 1.89742 
772 1.89521 
773 1.89297 
774 1.89071 
775 1.88842 
776 1.8861 
777 1.88376 
778 1.88139 
779 1.87899 
780 1.87658 
781 1.87414 
782 1.87167 
783 1.86919 
784 1.86668 
785 1.86415 
786 1.8616 
787 1.85903 
788 1.85645 
789 1.85384 
790 1.85121 
791 1.84857 
792 1.84591 
793 1.84324 
794 1.84055 
795 1.83784 
796 1.83512 
797 1.83238 
798 1.82964 
799 1.82688 
800 1.82411 
801 1.82132 
802 1.81853 
803 1.81573 
804 1.81292 
805 1.81009 
806 1.80726 
807 1.80443 
808 1.80158 
809 1.79873 
810 1.79587 
811 1.793 
812 1.79013 
813 1.78726 
814 1.78438 
815 1.78149 
816 1.77861 
817 1.77572 
818 1.77283 
819 1.76993 
820 1.76704 
821 1.76415 
822 1.76125 
823 1.75836 
824 1.75547 
825 1.75258 
826 1.74969 
827 1.74681 
828 1.74392 
829 1.74105 
830 1.73818 
831 1.73531 
832 1.73245 
833 1.7296 
834 1.72675 
835 1.72392 
836 1.72109 
837 1.71827 
838 1.71546 
839 1.71266 
840 1.70988 
841 1.7071 
842 1.70434 
843 1.70159 
844 1.69886 
845 1.69614 
846 1.69343 
847 1.69074 
848 1.68807 
849 1.68542 
850 1.68278 
851 1.68017 
852 1.67757 
853 1.67499 
854 1.67243 
855 1.66989 
856 1.66737 
857 1.66487 
858 1.66239 
859 1.65993 
860 1.65749 
861 1.65506 
862 1.65266 
863 1.65028 
864 1.64791 
865 1.64557 
866 1.64325 
867 1.64094 
868 1.63866 
869 1.63639 
870 1.63415 
871 1.63192 
872 1.62972 
873 1.62753 
874 1.62537 
875 1.62322 
876 1.6211 
877 1.619 
878 1.61691 
879 1.61485 
880 1.61281 
881 1.61078 
882 1.60878 
883 1.6068 
884 1.60484 
885 1.6029 
886 1.60098 
887 1.59907 
888 1.59719 
889 1.59534 
890 1.5935 
891 1.59168 
892 1.58988 
893 1.5881 
894 1.58634 
895 1.58461 
896 1.58289 
897 1.5812 
898 1.57952 
899 1.57787 
900 1.57623 
901 1.57462 
902 1.57302 
903 1.57145 
904 1.5699 
905 1.56836 
906 1.56685 
907 1.56535 
908 1.56387 
909 1.56241 
910 1.56096 
911 1.55954 
912 1.55813 
913 1.55673 
914 1.55536 
915 1.55399 
916 1.55265 
917 1.55131 
918 1.55 
919 1.54869 
920 1.5474 
921 1.54613 
922 1.54486 
923 1.54361 
924 1.54237 
925 1.54115 
926 1.53993 
927 1.53872 
928 1.53753 
929 1.53634 
930 1.53517 
931 1.534 
932 1.53284 
933 1.53169 
934 1.53055 
935 1.52942 
936 1.52829 
937 1.52717 
938 1.52605 
939 1.52494 
940 1.52383 
941 1.52273 
942 1.52163 
943 1.52054 
944 1.51944 
945 1.51835 
946 1.51727 
947 1.51618 
948 1.51509 
949 1.51401 
950 1.51292 
951 1.51183 
952 1.51074 
953 1.50965 
954 1.50856 
955 1.50747 
956 1.50637 
957 1.50527 
958 1.50417 
959 1.50307 
960 1.50196 
961 1.50085 
962 1.49973 
963 1.49861 
964 1.49749 
965 1.49636 
966 1.49523 
967 1.49409 
968 1.49294 
969 1.49179 
970 1.49064 
971 1.48947 
972 1.4883 
973 1.48713 
974 1.48594 
975 1.48475 
976 1.48355 
977 1.48234 
978 1.48113 
979 1.4799 
980 1.47866 
981 1.47742 
982 1.47616 
983 1.4749 
984 1.47362 
985 1.47234 
986 1.47104 
987 1.46973 
988 1.46841 
989 1.46707 
990 1.46573 
991 1.46437 
992 1.46299 
993 1.46161 
994 1.46021 
995 1.45879 
996 1.45736 
997 1.45591 
998 1.45445 
999 1.45297 
1000 1.45148 
1001 1.44997 
1002 1.44844 
1003 1.4469 
1004 1.44534 
1005 1.44376 
1006 1.44217 
1007 1.44056 
1008 1.43894 
1009 1.4373 
1010 1.43564 
1011 1.43397 
1012 1.43228 
1013 1.43057 
1014 1.42885 
1015 1.42712 
1016 1.42537 
1017 1.4236 
1018 1.42182 
1019 1.42003 
1020 1.41822 
1021 1.41639 
1022 1.41455 
1023 1.4127 
1024 1.41083 
1025 1.40895 
1026 1.40705 
1027 1.40514 
1028 1.40322 
1029 1.40128 
1030 1.39933 
1031 1.39736 
1032 1.39538 
1033 1.39339 
1034 1.39138 
1035 1.38936 
1036 1.38733 
1037 1.38529 
1038 1.38323 
1039 1.38116 
1040 1.37908 
1041 1.37698 
1042 1.37488 
1043 1.37276 
1044 1.37063 
1045 1.36848 
1046 1.36633 
1047 1.36416 
1048 1.36199 
1049 1.3598 
1050 1.3576 
1051 1.35539 
1052 1.35317 
1053 1.35094 
1054 1.3487 
1055 1.34644 
1056 1.34418 
1057 1.34191 
1058 1.33964 
1059 1.33735 
1060 1.33505 
1061 1.33275 
1062 1.33044 
1063 1.32812 
1064 1.32579 
1065 1.32346 
1066 1.32112 
1067 1.31877 
1068 1.31642 
1069 1.31407 
1070 1.3117 
1071 1.30934 
1072 1.30696 
1073 1.30459 
1074 1.30221 
1075 1.29982 
1076 1.29743 
1077 1.29504 
1078 1.29265 
1079 1.29025 
1080 1.28786 
1081 1.28546 
1082 1.28306 
1083 1.28065 
1084 1.27825 
1085 1.27585 
1086 1.27345 
1087 1.27105 
1088 1.26864 
1089 1.26624 
1090 1.26384 
1091 1.26145 
1092 1.25905 
1093 1.25666 
1094 1.25427 
1095 1.25189 
1096 1.2495 
1097 1.24713 
1098 1.24475 
1099 1.24238 
1100 1.24002 
1101 1.23766 
1102 1.23531 
1103 1.23296 
1104 1.23062 
1105 1.22829 
1106 1.22596 
1107 1.22364 
1108 1.22132 
1109 1.21901 
1110 1.21671 
1111 1.21442 
1112 1.21213 
1113 1.20985 
1114 1.20758 
1115 1.20531 
1116 1.20305 
1117 1.2008 
1118 1.19856 
1119 1.19633 
1120 1.1941 
1121 1.19188 
1122 1.18967 
1123 1.18747 
1124 1.18528 
1125 1.18309 
1126 1.18092 
1127 1.17875 
1128 1.1766 
1129 1.17445 
1130 1.17231 
1131 1.17018 
1132 1.16807 
1133 1.16596 
1134 1.16386 
1135 1.16177 
1136 1.15969 
1137 1.15763 
1138 1.15557 
1139 1.15353 
1140 1.15149 
1141 1.14947 
1142 1.14746 
1143 1.14546 
1144 1.14347 
1145 1.14149 
1146 1.13952 
1147 1.13757 
1148 1.13563 
1149 1.1337 
1150 1.13178 
1151 1.12988 
1152 1.12799 
1153 1.12611 
1154 1.12424 
1155 1.12239 
1156 1.12055 
1157 1.11871 
1158 1.1169 
1159 1.11509 
1160 1.11329 
1161 1.11151 
1162 1.10974 
1163 1.10798 
1164 1.10623 
1165 1.10449 
1166 1.10276 
1167 1.10104 
1168 1.09933 
1169 1.09764 
1170 1.09595 
1171 1.09427 
1172 1.09261 
1173 1.09095 
1174 1.08931 
1175 1.08767 
1176 1.08604 
1177 1.08442 
1178 1.08282 
1179 1.08122 
1180 1.07963 
1181 1.07804 
1182 1.07647 
1183 1.07491 
1184 1.07335 
1185 1.0718 
1186 1.07026 
1187 1.06873 
1188 1.0672 
1189 1.06569 
1190 1.06418 
1191 1.06267 
1192 1.06118 
1193 1.05969 
1194 1.05821 
1195 1.05673 
1196 1.05526 
1197 1.0538 
1198 1.05234 
1199 1.05089 
1200 1.04945 
1201 1.04801 
1202 1.04657 
1203 1.04514 
1204 1.04372 
1205 1.0423 
1206 1.04089 
1207 1.03947 
1208 1.03807 
1209 1.03667 
1210 1.03527 
1211 1.03387 
1212 1.03248 
1213 1.0311 
1214 1.02971 
1215 1.02833 
1216 1.02695 
1217 1.02557 
1218 1.0242 
1219 1.02283 
1220 1.02146 
1221 1.02009 
1222 1.01873 
1223 1.01736 
1224 1.016 
1225 1.01463 
1226 1.01327 
1227 1.01191 
1228 1.01055 
1229 1.00919 
1230 1.00783 
1231 1.00646 
1232 1.0051 
1233 1.00374 
1234 1.00238 
1235 1.00101 
1236 0.999644 
1237 0.998275 
1238 0.996905 
1239 0.995533 
1240 0.994158 
1241 0.992781 
1242 0.991401 
1243 0.990018 
1244 0.988632 
1245 0.987242 
1246 0.985848 
1247 0.984451 
1248 0.983049 
1249 0.981642 
1250 0.980231 
1251 0.978815 
1252 0.977394 
1253 0.975968 
1254 0.974537 
1255 0.973101 
1256 0.971659 
1257 0.970213 
1258 0.968761 
1259 0.967304 
1260 0.965842 
1261 0.964375 
1262 0.962903 
1263 0.961425 
1264 0.959942 
1265 0.958454 
1266 0.95696 
1267 0.955461 
1268 0.953956 
1269 0.952447 
1270 0.950931 
1271 0.94941 
1272 0.947884 
1273 0.946352 
1274 0.944815 
1275 0.943272 
1276 0.941723 
1277 0.940169 
1278 0.938609 
1279 0.937043 
1280 0.935472 
1281 0.933895 
1282 0.932312 
1283 0.930723 
1284 0.929128 
1285 0.927528 
1286 0.925922 
1287 0.924309 
1288 0.922691 
1289 0.921067 
1290 0.919437 
1291 0.9178 
1292 0.916158 
1293 0.91451 
1294 0.912855 
1295 0.911194 
1296 0.909527 
1297 0.907854 
1298 0.906175 
1299 0.904489 
1300 0.902797 
1301 0.901099 
1302 0.899394 
1303 0.897684 
1304 0.895967 
1305 0.894245 
1306 0.892516 
1307 0.890783 
1308 0.889043 
1309 0.887299 
1310 0.885549 
1311 0.883794 
1312 0.882034 
1313 0.88027 
1314 0.8785 
1315 0.876726 
1316 0.874948 
1317 0.873166 
1318 0.871379 
1319 0.869588 
1320 0.867794 
1321 0.865996 
1322 0.864194 
1323 0.862389 
1324 0.86058 
1325 0.858768 
1326 0.856954 
1327 0.855136 
1328 0.853316 
1329 0.851493 
1330 0.849668 
1331 0.84784 
1332 0.84601 
1333 0.844178 
1334 0.842345 
1335 0.84051 
1336 0.838673 
1337 0.836835 
1338 0.834995 
1339 0.833155 
1340 0.831313 
1341 0.829471 
1342 0.827628 
1343 0.825785 
1344 0.823941 
1345 0.822098 
1346 0.820254 
1347 0.818411 
1348 0.816567 
1349 0.814725 
1350 0.812883 
1351 0.811042 
1352 0.809201 
1353 0.807362 
1354 0.805524 
1355 0.803688 
1356 0.801853 
1357 0.800019 
1358 0.798187 
1359 0.796357 
1360 0.794529 
1361 0.792703 
1362 0.790879 
1363 0.789057 
1364 0.787238 
1365 0.785421 
1366 0.783608 
1367 0.781796 
1368 0.779988 
1369 0.778183 
1370 0.776381 
1371 0.774583 
1372 0.772788 
1373 0.770997 
1374 0.769209 
1375 0.767425 
1376 0.765646 
1377 0.76387 
1378 0.762099 
1379 0.760332 
1380 0.75857 
1381 0.756812 
1382 0.755059 
1383 0.753311 
1384 0.751569 
1385 0.749831 
1386 0.748099 
1387 0.746373 
1388 0.744652 
1389 0.742937 
1390 0.741228 
1391 0.739525 
1392 0.737828 
1393 0.736138 
1394 0.734454 
1395 0.732777 
1396 0.731107 
1397 0.729444 
1398 0.727788 
1399 0.726139 
1400 0.724498 
1401 0.722864 
1402 0.721237 
1403 0.719619 
1404 0.718008 
1405 0.716404 
1406 0.714808 
1407 0.71322 
1408 0.711639 
1409 0.710066 
1410 0.7085 
1411 0.706942 
1412 0.705391 
1413 0.703848 
1414 0.702313 
1415 0.700785 
1416 0.699264 
1417 0.697751 
1418 0.696246 
1419 0.694748 
1420 0.693257 
1421 0.691774 
1422 0.690299 
1423 0.688831 
1424 0.68737 
1425 0.685917 
1426 0.684471 
1427 0.683033 
1428 0.681602 
1429 0.680179 
1430 0.678763 
1431 0.677354 
1432 0.675953 
1433 0.674559 
1434 0.673173 
1435 0.671793 
1436 0.670422 
1437 0.669057 
1438 0.6677 
1439 0.66635 
1440 0.665008 
1441 0.663673 
1442 0.662345 
1443 0.661024 
1444 0.659711 
1445 0.658405 
1446 0.657106 
1447 0.655814 
1448 0.65453 
1449 0.653252 
1450 0.651982 
1451 0.650719 
1452 0.649463 
1453 0.648214 
1454 0.646972 
1455 0.645737 
1456 0.644508 
1457 0.643286 
1458 0.64207 
1459 0.640861 
1460 0.639658 
1461 0.638461 
1462 0.63727 
1463 0.636085 
1464 0.634906 
1465 0.633733 
1466 0.632565 
1467 0.631403 
1468 0.630246 
1469 0.629094 
1470 0.627948 
1471 0.626807 
1472 0.62567 
1473 0.624539 
1474 0.623412 
1475 0.62229 
1476 0.621172 
1477 0.620059 
1478 0.61895 
1479 0.617845 
1480 0.616744 
1481 0.615647 
1482 0.614554 
1483 0.613465 
1484 0.612379 
1485 0.611297 
1486 0.610218 
1487 0.609142 
1488 0.608069 
1489 0.606999 
1490 0.605932 
1491 0.604867 
1492 0.603805 
1493 0.602746 
1494 0.601689 
1495 0.600634 
1496 0.599581 
1497 0.59853 
1498 0.597481 
1499 0.596433 
1500 0.595387 
1501 0.594343 
1502 0.593299 
1503 0.592257 
1504 0.591216 
1505 0.590177 
1506 0.589138 
1507 0.5881 
1508 0.587064 
1509 0.586028 
1510 0.584993 
1511 0.583959 
1512 0.582925 
1513 0.581892 
1514 0.58086 
1515 0.579828 
1516 0.578796 
1517 0.577765 
1518 0.576735 
1519 0.575704 
1520 0.574674 
1521 0.573644 
1522 0.572613 
1523 0.571583 
1524 0.570553 
1525 0.569522 
1526 0.568491 
1527 0.56746 
1528 0.566429 
1529 0.565397 
1530 0.564364 
1531 0.563331 
1532 0.562297 
1533 0.561263 
1534 0.560227 
1535 0.559191 
1536 0.558154 
1537 0.557116 
1538 0.556076 
1539 0.555036 
1540 0.553994 
1541 0.552951 
1542 0.551906 
1543 0.55086 
1544 0.549812 
1545 0.548763 
1546 0.547712 
1547 0.546659 
1548 0.545604 
1549 0.544547 
1550 0.543488 
1551 0.542427 
1552 0.541364 
1553 0.540299 
1554 0.539232 
1555 0.538162 
1556 0.537091 
1557 0.536018 
1558 0.534943 
1559 0.533865 
1560 0.532786 
1561 0.531705 
1562 0.530622 
1563 0.529538 
1564 0.528451 
1565 0.527363 
1566 0.526273 
1567 0.525181 
1568 0.524087 
1569 0.522992 
1570 0.521895 
1571 0.520797 
1572 0.519696 
1573 0.518595 
1574 0.517491 
1575 0.516386 
1576 0.51528 
1577 0.514172 
1578 0.513063 
1579 0.511952 
1580 0.51084 
1581 0.509726 
1582 0.508611 
1583 0.507495 
1584 0.506378 
1585 0.505259 
1586 0.504139 
1587 0.503018 
1588 0.501895 
1589 0.500771 
1590 0.499647 
1591 0.498521 
1592 0.497394 
1593 0.496266 
1594 0.495137 
1595 0.494007 
1596 0.492876 
1597 0.491744 
1598 0.490611 
1599 0.489478 
1600 0.488343 
1601 0.487208 
1602 0.486072 
1603 0.484935 
1604 0.483798 
1605 0.48266 
1606 0.481521 
1607 0.480382 
1608 0.479243 
1609 0.478104 
1610 0.476964 
1611 0.475824 
1612 0.474684 
1613 0.473544 
1614 0.472404 
1615 0.471264 
1616 0.470124 
1617 0.468985 
1618 0.467845 
1619 0.466707 
1620 0.465568 
1621 0.46443 
1622 0.463293 
1623 0.462157 
1624 0.461021 
1625 0.459886 
1626 0.458752 
1627 0.457618 
1628 0.456486 
1629 0.455355 
1630 0.454225 
1631 0.453096 
1632 0.451969 
1633 0.450843 
1634 0.449718 
1635 0.448595 
1636 0.447474 
1637 0.446354 
1638 0.445236 
1639 0.44412 
1640 0.443005 
1641 0.441893 
1642 0.440783 
1643 0.439674 
1644 0.438568 
1645 0.437465 
1646 0.436364 
1647 0.435265 
1648 0.434168 
1649 0.433075 
1650 0.431983 
1651 0.430895 
1652 0.42981 
1653 0.428727 
1654 0.427647 
1655 0.42657 
1656 0.425496 
1657 0.424425 
1658 0.423357 
1659 0.422292 
1660 0.42123 
1661 0.420171 
1662 0.419115 
1663 0.418062 
1664 0.417013 
1665 0.415967 
1666 0.414924 
1667 0.413884 
1668 0.412848 
1669 0.411815 
1670 0.410785 
1671 0.409759 
1672 0.408737 
1673 0.407717 
1674 0.406702 
1675 0.40569 
1676 0.404682 
1677 0.403677 
1678 0.402676 
1679 0.401679 
1680 0.400685 
1681 0.399695 
1682 0.398709 
1683 0.397727 
1684 0.396749 
1685 0.395775 
1686 0.394805 
1687 0.393839 
1688 0.392877 
1689 0.391919 
1690 0.390965 
1691 0.390015 
1692 0.38907 
1693 0.388128 
1694 0.387191 
1695 0.386259 
1696 0.38533 
1697 0.384406 
1698 0.383487 
1699 0.382572 
1700 0.381661 
1701 0.380755 
1702 0.379854 
1703 0.378957 
1704 0.378064 
1705 0.377176 
1706 0.376292 
1707 0.375413 
1708 0.374538 
1709 0.373667 
1710 0.372801 
1711 0.371938 
1712 0.37108 
1713 0.370226 
1714 0.369377 
1715 0.368531 
1716 0.36769 
1717 0.366852 
1718 0.366018 
1719 0.365189 
1720 0.364363 
1721 0.363542 
1722 0.362724 
1723 0.36191 
1724 0.3611 
1725 0.360293 
1726 0.35949 
1727 0.358691 
1728 0.357896 
1729 0.357104 
1730 0.356316 
1731 0.355532 
1732 0.35475 
1733 0.353973 
1734 0.353199 
1735 0.352428 
1736 0.35166 
1737 0.350896 
1738 0.350135 
1739 0.349378 
1740 0.348624 
1741 0.347872 
1742 0.347124 
1743 0.346379 
1744 0.345637 
1745 0.344899 
1746 0.344163 
1747 0.34343 
1748 0.3427 
1749 0.341972 
1750 0.341248 
1751 0.340526 
1752 0.339807 
1753 0.339091 
1754 0.338377 
1755 0.337666 
1756 0.336958 
1757 0.336252 
1758 0.335548 
1759 0.334847 
1760 0.334148 
1761 0.333452 
1762 0.332757 
1763 0.332065 
1764 0.331376 
1765 0.330688 
1766 0.330002 
1767 0.329319 
1768 0.328637 
1769 0.327957 
1770 0.327279 
1771 0.326603 
1772 0.325929 
1773 0.325256 
1774 0.324585 
1775 0.323916 
1776 0.323248 
1777 0.322582 
1778 0.321917 
1779 0.321254 
1780 0.320592 
1781 0.319931 
1782 0.319271 
1783 0.318613 
1784 0.317956 
1785 0.3173 
1786 0.316645 
1787 0.315991 
1788 0.315338 
1789 0.314686 
1790 0.314034 
1791 0.313384 
1792 0.312734 
1793 0.312084 
1794 0.311436 
1795 0.310788 
1796 0.31014 
1797 0.309493 
1798 0.308846 
1799 0.308199 
1800 0.307553 
1801 0.306907 
1802 0.306261 
1803 0.305615 
1804 0.30497 
1805 0.304324 
1806 0.303679 
1807 0.303034 
1808 0.302389 
1809 0.301744 
1810 0.3011 
1811 0.300455 
1812 0.299811 
1813 0.299167 
1814 0.298522 
1815 0.297878 
1816 0.297234 
1817 0.296591 
1818 0.295947 
1819 0.295303 
1820 0.29466 
1821 0.294016 
1822 0.293373 
1823 0.292729 
1824 0.292086 
1825 0.291443 
1826 0.290799 
1827 0.290156 
1828 0.289513 
1829 0.28887 
1830 0.288227 
1831 0.287583 
1832 0.28694 
1833 0.286297 
1834 0.285654 
1835 0.285011 
1836 0.284367 
1837 0.283724 
1838 0.283081 
1839 0.282437 
1840 0.281794 
1841 0.28115 
1842 0.280506 
1843 0.279863 
1844 0.279219 
1845 0.278575 
1846 0.277931 
1847 0.277287 
1848 0.276642 
1849 0.275998 
1850 0.275353 
1851 0.274709 
1852 0.274064 
1853 0.273419 
1854 0.272774 
1855 0.272129 
1856 0.271483 
1857 0.270838 
1858 0.270193 
1859 0.269548 
1860 0.268902 
1861 0.268257 
1862 0.267612 
1863 0.266967 
1864 0.266322 
1865 0.265677 
1866 0.265032 
1867 0.264387 
1868 0.263742 
1869 0.263098 
1870 0.262454 
1871 0.261809 
1872 0.261166 
1873 0.260522 
1874 0.259879 
1875 0.259236 
1876 0.258593 
1877 0.25795 
1878 0.257308 
1879 0.256666 
1880 0.256025 
1881 0.255384 
1882 0.254743 
1883 0.254103 
1884 0.253463 
1885 0.252824 
1886 0.252185 
1887 0.251547 
1888 0.250909 
1889 0.250272 
1890 0.249635 
1891 0.248999 
1892 0.248363 
1893 0.247729 
1894 0.247094 
1895 0.246461 
1896 0.245828 
1897 0.245196 
1898 0.244564 
1899 0.243933 
1900 0.243303 
1901 0.242674 
1902 0.242045 
1903 0.241418 
1904 0.240791 
1905 0.240165 
1906 0.239541 
1907 0.238917 
1908 0.238294 
1909 0.237673 
1910 0.237052 
1911 0.236433 
1912 0.235815 
1913 0.235198 
1914 0.234582 
1915 0.233968 
1916 0.233355 
1917 0.232744 
1918 0.232134 
1919 0.231525 
1920 0.230918 
1921 0.230313 
1922 0.229709 
1923 0.229107 
1924 0.228507 
1925 0.227908 
1926 0.227311 
1927 0.226716 
1928 0.226123 
1929 0.225532 
1930 0.224943 
1931 0.224355 
1932 0.22377 
1933 0.223187 
1934 0.222606 
1935 0.222027 
1936 0.221451 
1937 0.220877 
1938 0.220305 
1939 0.219735 
1940 0.219168 
1941 0.218603 
1942 0.218041 
1943 0.217481 
1944 0.216924 
1945 0.21637 
1946 0.215818 
1947 0.215269 
1948 0.214722 
1949 0.214179 
1950 0.213638 
1951 0.2131 
1952 0.212565 
1953 0.212033 
1954 0.211503 
1955 0.210976 
1956 0.210452 
1957 0.20993 
1958 0.20941 
1959 0.208893 
1960 0.208378 
1961 0.207865 
1962 0.207354 
1963 0.206845 
1964 0.206338 
1965 0.205833 
1966 0.205329 
1967 0.204827 
1968 0.204327 
1969 0.203828 
1970 0.203331 
1971 0.202835 
1972 0.20234 
1973 0.201847 
1974 0.201354 
1975 0.200863 
1976 0.200373 
1977 0.199883 
1978 0.199394 
1979 0.198906 
1980 0.198418 
1981 0.197931 
1982 0.197444 
1983 0.196958 
1984 0.196472 
1985 0.195986 
1986 0.1955 
1987 0.195014 
1988 0.194528 
1989 0.194041 
1990 0.193555 
1991 0.193068 
1992 0.192581 
1993 0.192093 
1994 0.191604 
1995 0.191115 
1996 0.190625 
1997 0.190134 
1998 0.189642 
1999 0.189149 
2000 0.188655 
