2 826.079 
3 818.356 
4 811.699 
5 807.496 
6 806.131 
7 807.342 
8 810.625 
9 815.127 
10 821.767 
11 828.936 
12 837.055 
13 845.241 
14 854.443 
15 864.624 
16 874.002 
17 883.224 
18 893.336 
19 904.639 
20 916.492 
21 927.68 
22 938.357 
23 948.964 
24 959.716 
25 970.554 
26 981.248 
27 991.908 
28 1002.65 
29 1013.44 
30 1024.07 
31 1034.27 
32 1044.15 
33 1053.91 
34 1063.73 
35 1073.71 
36 1083.94 
37 1094.42 
38 1105.11 
39 1115.9 
40 1126.59 
41 1136.97 
42 1147.08 
43 1157.01 
44 1166.82 
45 1176.58 
46 1186.33 
47 1196.12 
48 1205.96 
49 1215.84 
50 1225.73 
51 1235.62 
52 1245.53 
53 1255.5 
54 1265.58 
55 1275.78 
56 1286.12 
57 1296.61 
58 1307.24 
59 1318 
60 1328.85 
61 1339.77 
62 1350.77 
63 1361.88 
64 1373.13 
65 1384.53 
66 1396.1 
67 1407.85 
68 1419.79 
69 1431.92 
70 1444.22 
71 1456.7 
72 1469.36 
73 1482.23 
74 1495.3 
75 1508.61 
76 1522.14 
77 1535.91 
78 1549.91 
79 1564.14 
80 1578.6 
81 1593.26 
82 1608.15 
83 1623.27 
84 1638.62 
85 1654.22 
86 1670.06 
87 1686.15 
88 1702.49 
89 1719.07 
90 1735.89 
91 1752.94 
92 1770.22 
93 1787.73 
94 1805.48 
95 1823.45 
96 1841.66 
97 1860.08 
98 1878.73 
99 1897.58 
100 1916.62 
101 1935.84 
102 1955.25 
103 1974.85 
104 1994.63 
105 2014.6 
106 2034.76 
107 2055.09 
108 2075.61 
109 2096.31 
110 2117.18 
111 2138.21 
112 2159.41 
113 2180.75 
114 2202.23 
115 2223.84 
116 2245.57 
117 2267.39 
118 2289.3 
119 2311.29 
120 2333.32 
121 2355.38 
122 2377.48 
123 2399.59 
124 2421.72 
125 2443.85 
126 2465.99 
127 2488.13 
128 2510.25 
129 2532.35 
130 2554.42 
131 2576.45 
132 2598.43 
133 2620.35 
134 2642.2 
135 2663.97 
136 2685.63 
137 2707.19 
138 2728.62 
139 2749.91 
140 2771.04 
141 2792 
142 2812.78 
143 2833.37 
144 2853.77 
145 2873.96 
146 2893.93 
147 2913.69 
148 2933.21 
149 2952.48 
150 2971.51 
151 2990.27 
152 3008.76 
153 3026.96 
154 3044.87 
155 3062.48 
156 3079.77 
157 3096.72 
158 3113.34 
159 3129.59 
160 3145.48 
161 3160.99 
162 3176.11 
163 3190.84 
164 3205.16 
165 3219.08 
166 3232.58 
167 3245.66 
168 3258.31 
169 3270.52 
170 3282.29 
171 3293.61 
172 3304.48 
173 3314.88 
174 3324.82 
175 3334.28 
176 3343.25 
177 3351.73 
178 3359.72 
179 3367.21 
180 3374.18 
181 3380.64 
182 3386.58 
183 3391.99 
184 3396.88 
185 3401.24 
186 3405.07 
187 3408.37 
188 3411.13 
189 3413.36 
190 3415.05 
191 3416.21 
192 3416.82 
193 3416.89 
194 3416.42 
195 3415.4 
196 3413.84 
197 3411.74 
198 3409.1 
199 3405.91 
200 3402.19 
201 3397.91 
202 3393.1 
203 3387.76 
204 3381.87 
205 3375.45 
206 3368.51 
207 3361.04 
208 3353.04 
209 3344.53 
210 3335.5 
211 3325.96 
212 3315.91 
213 3305.37 
214 3294.32 
215 3282.79 
216 3270.78 
217 3258.28 
218 3245.32 
219 3231.89 
220 3218 
221 3203.66 
222 3188.88 
223 3173.66 
224 3158.02 
225 3141.96 
226 3125.49 
227 3108.63 
228 3091.36 
229 3073.71 
230 3055.69 
231 3037.29 
232 3018.53 
233 2999.42 
234 2979.96 
235 2960.17 
236 2940.05 
237 2919.62 
238 2898.88 
239 2877.85 
240 2856.53 
241 2834.95 
242 2813.09 
243 2790.99 
244 2768.65 
245 2746.08 
246 2723.3 
247 2700.32 
248 2677.14 
249 2653.8 
250 2630.29 
251 2606.63 
252 2582.83 
253 2558.91 
254 2534.86 
255 2510.71 
256 2486.45 
257 2462.11 
258 2437.69 
259 2413.19 
260 2388.64 
261 2364.04 
262 2339.4 
263 2314.74 
264 2290.06 
265 2265.37 
266 2240.7 
267 2216.04 
268 2191.41 
269 2166.83 
270 2142.3 
271 2117.84 
272 2093.46 
273 2069.17 
274 2044.99 
275 2020.92 
276 1996.98 
277 1973.19 
278 1949.54 
279 1926.05 
280 1902.72 
281 1879.56 
282 1856.59 
283 1833.81 
284 1811.22 
285 1788.84 
286 1766.68 
287 1744.74 
288 1723.03 
289 1701.57 
290 1680.35 
291 1659.39 
292 1638.7 
293 1618.28 
294 1598.15 
295 1578.31 
296 1558.77 
297 1539.54 
298 1520.64 
299 1502.05 
300 1483.81 
301 1465.91 
302 1448.35 
303 1431.15 
304 1414.31 
305 1397.82 
306 1381.69 
307 1365.92 
308 1350.51 
309 1335.48 
310 1320.81 
311 1306.52 
312 1292.59 
313 1279.05 
314 1265.87 
315 1253.08 
316 1240.66 
317 1228.63 
318 1216.97 
319 1205.69 
320 1194.8 
321 1184.29 
322 1174.16 
323 1164.41 
324 1155.05 
325 1146.06 
326 1137.46 
327 1129.24 
328 1121.39 
329 1113.93 
330 1106.84 
331 1100.13 
332 1093.79 
333 1087.82 
334 1082.23 
335 1077 
336 1072.13 
337 1067.63 
338 1063.49 
339 1059.7 
340 1056.27 
341 1053.19 
342 1050.45 
343 1048.06 
344 1046 
345 1044.28 
346 1042.89 
347 1041.82 
348 1041.07 
349 1040.64 
350 1040.51 
351 1040.69 
352 1041.17 
353 1041.95 
354 1043.02 
355 1044.38 
356 1046.03 
357 1047.96 
358 1050.17 
359 1052.66 
360 1055.42 
361 1058.44 
362 1061.73 
363 1065.28 
364 1069.08 
365 1073.12 
366 1077.41 
367 1081.94 
368 1086.69 
369 1091.68 
370 1096.88 
371 1102.29 
372 1107.91 
373 1113.73 
374 1119.75 
375 1125.95 
376 1132.33 
377 1138.88 
378 1145.6 
379 1152.47 
380 1159.49 
381 1166.66 
382 1173.95 
383 1181.37 
384 1188.9 
385 1196.54 
386 1204.27 
387 1212.1 
388 1220 
389 1227.96 
390 1235.99 
391 1244.06 
392 1252.17 
393 1260.31 
394 1268.46 
395 1276.61 
396 1284.76 
397 1292.89 
398 1300.99 
399 1309.04 
400 1317.05 
401 1324.98 
402 1332.85 
403 1340.65 
404 1348.37 
405 1356.02 
406 1363.6 
407 1371.1 
408 1378.52 
409 1385.87 
410 1393.13 
411 1400.31 
412 1407.41 
413 1414.41 
414 1421.34 
415 1428.17 
416 1434.91 
417 1441.56 
418 1448.12 
419 1454.58 
420 1460.94 
421 1467.2 
422 1473.37 
423 1479.43 
424 1485.38 
425 1491.23 
426 1496.97 
427 1502.61 
428 1508.13 
429 1513.54 
430 1518.84 
431 1524.01 
432 1529.08 
433 1534.02 
434 1538.84 
435 1543.53 
436 1548.1 
437 1552.54 
438 1556.86 
439 1561.04 
440 1565.09 
441 1569.01 
442 1572.79 
443 1576.43 
444 1579.93 
445 1583.29 
446 1586.51 
447 1589.58 
448 1592.5 
449 1595.27 
450 1597.89 
451 1600.36 
452 1602.67 
453 1604.84 
454 1606.86 
455 1608.74 
456 1610.48 
457 1612.09 
458 1613.56 
459 1614.91 
460 1616.12 
461 1617.22 
462 1618.19 
463 1619.05 
464 1619.8 
465 1620.44 
466 1620.97 
467 1621.41 
468 1621.75 
469 1621.99 
470 1622.15 
471 1622.23 
472 1622.22 
473 1622.14 
474 1621.99 
475 1621.77 
476 1621.5 
477 1621.16 
478 1620.77 
479 1620.34 
480 1619.87 
481 1619.35 
482 1618.81 
483 1618.24 
484 1617.65 
485 1617.04 
486 1616.43 
487 1615.81 
488 1615.19 
489 1614.58 
490 1613.98 
491 1613.4 
492 1612.84 
493 1612.32 
494 1611.84 
495 1611.4 
496 1611 
497 1610.67 
498 1610.4 
499 1610.2 
500 1610.08 
501 1610.04 
502 1610.09 
503 1610.22 
504 1610.44 
505 1610.76 
506 1611.17 
507 1611.67 
508 1612.27 
509 1612.98 
510 1613.78 
511 1614.68 
512 1615.69 
513 1616.81 
514 1618.04 
515 1619.38 
516 1620.83 
517 1622.4 
518 1624.08 
519 1625.88 
520 1627.81 
521 1629.86 
522 1632.03 
523 1634.34 
524 1636.77 
525 1639.34 
526 1642.04 
527 1644.87 
528 1647.85 
529 1650.97 
530 1654.23 
531 1657.63 
532 1661.19 
533 1664.89 
534 1668.75 
535 1672.76 
536 1676.93 
537 1681.26 
538 1685.76 
539 1690.41 
540 1695.24 
541 1700.23 
542 1705.39 
543 1710.73 
544 1716.25 
545 1721.94 
546 1727.82 
547 1733.88 
548 1740.13 
549 1746.56 
550 1753.19 
551 1760.01 
552 1767.03 
553 1774.23 
554 1781.62 
555 1789.18 
556 1796.93 
557 1804.85 
558 1812.95 
559 1821.21 
560 1829.63 
561 1838.22 
562 1846.96 
563 1855.85 
564 1864.89 
565 1874.08 
566 1883.41 
567 1892.88 
568 1902.47 
569 1912.2 
570 1922.05 
571 1932.02 
572 1942.1 
573 1952.29 
574 1962.59 
575 1972.99 
576 1983.49 
577 1994.07 
578 2004.75 
579 2015.5 
580 2026.33 
581 2037.23 
582 2048.2 
583 2059.23 
584 2070.31 
585 2081.44 
586 2092.61 
587 2103.83 
588 2115.07 
589 2126.35 
590 2137.64 
591 2148.95 
592 2160.26 
593 2171.58 
594 2182.9 
595 2194.21 
596 2205.5 
597 2216.77 
598 2228.01 
599 2239.21 
600 2250.37 
601 2261.48 
602 2272.54 
603 2283.54 
604 2294.48 
605 2305.36 
606 2316.16 
607 2326.89 
608 2337.54 
609 2348.11 
610 2358.58 
611 2368.97 
612 2379.26 
613 2389.44 
614 2399.52 
615 2409.49 
616 2419.34 
617 2429.07 
618 2438.67 
619 2448.14 
620 2457.48 
621 2466.67 
622 2475.72 
623 2484.62 
624 2493.36 
625 2501.93 
626 2510.34 
627 2518.58 
628 2526.64 
629 2534.51 
630 2542.19 
631 2549.68 
632 2556.97 
633 2564.05 
634 2570.92 
635 2577.57 
636 2584 
637 2590.2 
638 2596.16 
639 2601.88 
640 2607.35 
641 2612.57 
642 2617.52 
643 2622.21 
644 2626.63 
645 2630.77 
646 2634.62 
647 2638.18 
648 2641.44 
649 2644.4 
650 2647.04 
651 2649.37 
652 2651.38 
653 2653.07 
654 2654.45 
655 2655.51 
656 2656.26 
657 2656.69 
658 2656.81 
659 2656.62 
660 2656.12 
661 2655.3 
662 2654.18 
663 2652.76 
664 2651.03 
665 2648.99 
666 2646.65 
667 2644.01 
668 2641.06 
669 2637.82 
670 2634.28 
671 2630.44 
672 2626.31 
673 2621.89 
674 2617.17 
675 2612.16 
676 2606.87 
677 2601.28 
678 2595.42 
679 2589.26 
680 2582.83 
681 2576.12 
682 2569.13 
683 2561.86 
684 2554.32 
685 2546.51 
686 2538.43 
687 2530.08 
688 2521.47 
689 2512.59 
690 2503.45 
691 2494.06 
692 2484.4 
693 2474.49 
694 2464.33 
695 2453.92 
696 2443.27 
697 2432.37 
698 2421.23 
699 2409.85 
700 2398.23 
701 2386.38 
702 2374.3 
703 2361.99 
704 2349.47 
705 2336.74 
706 2323.79 
707 2310.64 
708 2297.29 
709 2283.76 
710 2270.03 
711 2256.12 
712 2242.03 
713 2227.78 
714 2213.36 
715 2198.77 
716 2184.04 
717 2169.16 
718 2154.14 
719 2138.98 
720 2123.69 
721 2108.28 
722 2092.75 
723 2077.11 
724 2061.37 
725 2045.53 
726 2029.6 
727 2013.58 
728 1997.49 
729 1981.33 
730 1965.1 
731 1948.81 
732 1932.48 
733 1916.1 
734 1899.69 
735 1883.24 
736 1866.78 
737 1850.3 
738 1833.82 
739 1817.34 
740 1800.87 
741 1784.41 
742 1767.98 
743 1751.58 
744 1735.22 
745 1718.91 
746 1702.66 
747 1686.47 
748 1670.35 
749 1654.31 
750 1638.37 
751 1622.52 
752 1606.77 
753 1591.13 
754 1575.59 
755 1560.16 
756 1544.85 
757 1529.65 
758 1514.57 
759 1499.6 
760 1484.77 
761 1470.06 
762 1455.47 
763 1441.03 
764 1426.72 
765 1412.54 
766 1398.51 
767 1384.63 
768 1370.89 
769 1357.3 
770 1343.87 
771 1330.6 
772 1317.48 
773 1304.53 
774 1291.75 
775 1279.14 
776 1266.7 
777 1254.44 
778 1242.36 
779 1230.46 
780 1218.75 
781 1207.23 
782 1195.91 
783 1184.78 
784 1173.85 
785 1163.12 
786 1152.61 
787 1142.3 
788 1132.21 
789 1122.34 
790 1112.68 
791 1103.26 
792 1094.06 
793 1085.09 
794 1076.36 
795 1067.87 
796 1059.63 
797 1051.63 
798 1043.88 
799 1036.38 
800 1029.14 
801 1022.17 
802 1015.45 
803 1009 
804 1002.79 
805 996.844 
806 991.146 
807 985.696 
808 980.493 
809 975.534 
810 970.816 
811 966.338 
812 962.096 
813 958.088 
814 954.311 
815 950.764 
816 947.442 
817 944.344 
818 941.467 
819 938.808 
820 936.364 
821 934.132 
822 932.11 
823 930.294 
824 928.681 
825 927.269 
826 926.055 
827 925.034 
828 924.205 
829 923.564 
830 923.108 
831 922.833 
832 922.736 
833 922.814 
834 923.064 
835 923.482 
836 924.064 
837 924.807 
838 925.708 
839 926.763 
840 927.968 
841 929.319 
842 930.813 
843 932.447 
844 934.216 
845 936.116 
846 938.143 
847 940.294 
848 942.565 
849 944.951 
850 947.449 
851 950.054 
852 952.764 
853 955.573 
854 958.481 
855 961.482 
856 964.573 
857 967.751 
858 971.012 
859 974.353 
860 977.77 
861 981.259 
862 984.817 
863 988.44 
864 992.123 
865 995.864 
866 999.659 
867 1003.5 
868 1007.39 
869 1011.32 
870 1015.29 
871 1019.29 
872 1023.33 
873 1027.38 
874 1031.46 
875 1035.56 
876 1039.66 
877 1043.78 
878 1047.9 
879 1052.02 
880 1056.14 
881 1060.24 
882 1064.33 
883 1068.41 
884 1072.46 
885 1076.48 
886 1080.48 
887 1084.43 
888 1088.35 
889 1092.22 
890 1096.03 
891 1099.8 
892 1103.5 
893 1107.13 
894 1110.7 
895 1114.19 
896 1117.6 
897 1120.92 
898 1124.15 
899 1127.29 
900 1130.32 
901 1133.25 
902 1136.08 
903 1138.79 
904 1141.4 
905 1143.91 
906 1146.3 
907 1148.59 
908 1150.77 
909 1152.85 
910 1154.82 
911 1156.68 
912 1158.43 
913 1160.07 
914 1161.61 
915 1163.04 
916 1164.36 
917 1165.58 
918 1166.68 
919 1167.68 
920 1168.57 
921 1169.36 
922 1170.03 
923 1170.6 
924 1171.06 
925 1171.41 
926 1171.66 
927 1171.79 
928 1171.82 
929 1171.74 
930 1171.56 
931 1171.26 
932 1170.86 
933 1170.35 
934 1169.73 
935 1169 
936 1168.17 
937 1167.23 
938 1166.18 
939 1165.02 
940 1163.75 
941 1162.38 
942 1160.9 
943 1159.32 
944 1157.62 
945 1155.82 
946 1153.91 
947 1151.9 
948 1149.77 
949 1147.54 
950 1145.21 
951 1142.77 
952 1140.22 
953 1137.57 
954 1134.83 
955 1131.98 
956 1129.05 
957 1126.02 
958 1122.91 
959 1119.71 
960 1116.43 
961 1113.07 
962 1109.63 
963 1106.13 
964 1102.55 
965 1098.9 
966 1095.19 
967 1091.41 
968 1087.58 
969 1083.69 
970 1079.76 
971 1075.77 
972 1071.73 
973 1067.66 
974 1063.54 
975 1059.39 
976 1055.2 
977 1050.98 
978 1046.74 
979 1042.48 
980 1038.19 
981 1033.89 
982 1029.58 
983 1025.25 
984 1020.92 
985 1016.59 
986 1012.26 
987 1007.94 
988 1003.62 
989 999.312 
990 995.022 
991 990.751 
992 986.503 
993 982.282 
994 978.092 
995 973.936 
996 969.818 
997 965.742 
998 961.712 
999 957.732 
1000 953.806 
1001 949.937 
1002 946.127 
1003 942.377 
1004 938.688 
1005 935.062 
1006 931.499 
1007 928.001 
1008 924.568 
1009 921.203 
1010 917.906 
1011 914.678 
1012 911.521 
1013 908.436 
1014 905.424 
1015 902.487 
1016 899.624 
1017 896.839 
1018 894.131 
1019 891.503 
1020 888.955 
1021 886.49 
1022 884.107 
1023 881.808 
1024 879.595 
1025 877.469 
1026 875.431 
1027 873.483 
1028 871.625 
1029 869.86 
1030 868.188 
1031 866.611 
1032 865.129 
1033 863.746 
1034 862.461 
1035 861.276 
1036 860.193 
1037 859.213 
1038 858.337 
1039 857.567 
1040 856.904 
1041 856.35 
1042 855.905 
1043 855.571 
1044 855.351 
1045 855.244 
1046 855.253 
1047 855.38 
1048 855.624 
1049 855.989 
1050 856.475 
1051 857.083 
1052 857.812 
1053 858.661 
1054 859.626 
1055 860.706 
1056 861.899 
1057 863.203 
1058 864.616 
1059 866.135 
1060 867.759 
1061 869.486 
1062 871.312 
1063 873.237 
1064 875.258 
1065 877.372 
1066 879.579 
1067 881.874 
1068 884.256 
1069 886.723 
1070 889.273 
1071 891.902 
1072 894.609 
1073 897.392 
1074 900.248 
1075 903.174 
1076 906.168 
1077 909.228 
1078 912.351 
1079 915.535 
1080 918.777 
1081 922.075 
1082 925.426 
1083 928.828 
1084 932.278 
1085 935.773 
1086 939.311 
1087 942.889 
1088 946.504 
1089 950.155 
1090 953.837 
1091 957.549 
1092 961.287 
1093 965.049 
1094 968.832 
1095 972.633 
1096 976.449 
1097 980.278 
1098 984.117 
1099 987.962 
1100 991.811 
1101 995.661 
1102 999.51 
1103 1003.36 
1104 1007.2 
1105 1011.03 
1106 1014.85 
1107 1018.67 
1108 1022.47 
1109 1026.25 
1110 1030.01 
1111 1033.76 
1112 1037.48 
1113 1041.18 
1114 1044.86 
1115 1048.5 
1116 1052.11 
1117 1055.69 
1118 1059.24 
1119 1062.75 
1120 1066.21 
1121 1069.64 
1122 1073.02 
1123 1076.35 
1124 1079.64 
1125 1082.87 
1126 1086.05 
1127 1089.18 
1128 1092.24 
1129 1095.25 
1130 1098.19 
1131 1101.06 
1132 1103.87 
1133 1106.61 
1134 1109.27 
1135 1111.86 
1136 1114.36 
1137 1116.79 
1138 1119.14 
1139 1121.4 
1140 1123.57 
1141 1125.64 
1142 1127.63 
1143 1129.52 
1144 1131.31 
1145 1133 
1146 1134.58 
1147 1136.06 
1148 1137.42 
1149 1138.68 
1150 1139.82 
1151 1140.84 
1152 1141.74 
1153 1142.53 
1154 1143.2 
1155 1143.75 
1156 1144.19 
1157 1144.51 
1158 1144.71 
1159 1144.8 
1160 1144.77 
1161 1144.62 
1162 1144.36 
1163 1143.98 
1164 1143.49 
1165 1142.89 
1166 1142.17 
1167 1141.34 
1168 1140.39 
1169 1139.33 
1170 1138.15 
1171 1136.87 
1172 1135.47 
1173 1133.96 
1174 1132.33 
1175 1130.6 
1176 1128.75 
1177 1126.8 
1178 1124.73 
1179 1122.55 
1180 1120.26 
1181 1117.86 
1182 1115.36 
1183 1112.74 
1184 1110.02 
1185 1107.18 
1186 1104.24 
1187 1101.2 
1188 1098.04 
1189 1094.78 
1190 1091.41 
1191 1087.94 
1192 1084.36 
1193 1080.68 
1194 1076.89 
1195 1072.99 
1196 1069 
1197 1064.9 
1198 1060.7 
1199 1056.39 
1200 1051.98 
1201 1047.47 
1202 1042.87 
1203 1038.16 
1204 1033.36 
1205 1028.47 
1206 1023.49 
1207 1018.42 
1208 1013.26 
1209 1008.02 
1210 1002.7 
1211 997.295 
1212 991.818 
1213 986.266 
1214 980.643 
1215 974.95 
1216 969.19 
1217 963.365 
1218 957.478 
1219 951.532 
1220 945.529 
1221 939.471 
1222 933.361 
1223 927.201 
1224 920.994 
1225 914.743 
1226 908.451 
1227 902.118 
1228 895.75 
1229 889.347 
1230 882.914 
1231 876.451 
1232 869.963 
1233 863.452 
1234 856.92 
1235 850.371 
1236 843.806 
1237 837.23 
1238 830.644 
1239 824.052 
1240 817.457 
1241 810.861 
1242 804.266 
1243 797.677 
1244 791.096 
1245 784.526 
1246 777.97 
1247 771.431 
1248 764.911 
1249 758.414 
1250 751.944 
1251 745.502 
1252 739.09 
1253 732.71 
1254 726.362 
1255 720.049 
1256 713.772 
1257 707.531 
1258 701.329 
1259 695.166 
1260 689.044 
1261 682.965 
1262 676.93 
1263 670.939 
1264 664.995 
1265 659.1 
1266 653.253 
1267 647.458 
1268 641.715 
1269 636.025 
1270 630.391 
1271 624.813 
1272 619.293 
1273 613.833 
1274 608.433 
1275 603.097 
1276 597.824 
1277 592.616 
1278 587.476 
1279 582.404 
1280 577.402 
1281 572.472 
1282 567.615 
1283 562.832 
1284 558.126 
1285 553.497 
1286 548.948 
1287 544.479 
1288 540.093 
1289 535.792 
1290 531.575 
1291 527.446 
1292 523.406 
1293 519.457 
1294 515.599 
1295 511.836 
1296 508.168 
1297 504.597 
1298 501.125 
1299 497.753 
1300 494.483 
1301 491.317 
1302 488.253 
1303 485.292 
1304 482.431 
1305 479.669 
1306 477.007 
1307 474.442 
1308 471.974 
1309 469.601 
1310 467.323 
1311 465.138 
1312 463.045 
1313 461.044 
1314 459.132 
1315 457.31 
1316 455.575 
1317 453.927 
1318 452.365 
1319 450.887 
1320 449.492 
1321 448.179 
1322 446.948 
1323 445.796 
1324 444.722 
1325 443.726 
1326 442.806 
1327 441.96 
1328 441.189 
1329 440.489 
1330 439.861 
1331 439.303 
1332 438.813 
1333 438.391 
1334 438.034 
1335 437.743 
1336 437.515 
1337 437.349 
1338 437.244 
1339 437.198 
1340 437.21 
1341 437.279 
1342 437.404 
1343 437.583 
1344 437.814 
1345 438.096 
1346 438.429 
1347 438.81 
1348 439.238 
1349 439.711 
1350 440.229 
1351 440.79 
1352 441.392 
1353 442.034 
1354 442.715 
1355 443.434 
1356 444.189 
1357 444.979 
1358 445.802 
1359 446.658 
1360 447.545 
1361 448.461 
1362 449.405 
1363 450.376 
1364 451.372 
1365 452.393 
1366 453.436 
1367 454.5 
1368 455.584 
1369 456.686 
1370 457.805 
1371 458.94 
1372 460.088 
1373 461.249 
1374 462.422 
1375 463.603 
1376 464.793 
1377 465.989 
1378 467.191 
1379 468.396 
1380 469.603 
1381 470.81 
1382 472.016 
1383 473.22 
1384 474.42 
1385 475.613 
1386 476.8 
1387 477.977 
1388 479.144 
1389 480.299 
1390 481.44 
1391 482.566 
1392 483.675 
1393 484.765 
1394 485.834 
1395 486.882 
1396 487.906 
1397 488.905 
1398 489.877 
1399 490.82 
1400 491.733 
1401 492.613 
1402 493.462 
1403 494.277 
1404 495.06 
1405 495.809 
1406 496.524 
1407 497.205 
1408 497.852 
1409 498.464 
1410 499.041 
1411 499.583 
1412 500.089 
1413 500.559 
1414 500.992 
1415 501.389 
1416 501.748 
1417 502.071 
1418 502.355 
1419 502.602 
1420 502.81 
1421 502.979 
1422 503.109 
1423 503.2 
1424 503.25 
1425 503.261 
1426 503.231 
1427 503.161 
1428 503.049 
1429 502.895 
1430 502.7 
1431 502.462 
1432 502.182 
1433 501.859 
1434 501.492 
1435 501.082 
1436 500.627 
1437 500.128 
1438 499.585 
1439 498.996 
1440 498.361 
1441 497.681 
1442 496.954 
1443 496.181 
1444 495.361 
1445 494.493 
1446 493.578 
1447 492.614 
1448 491.602 
1449 490.541 
1450 489.431 
1451 488.271 
1452 487.063 
1453 485.807 
1454 484.505 
1455 483.158 
1456 481.768 
1457 480.334 
1458 478.859 
1459 477.343 
1460 475.788 
1461 474.196 
1462 472.566 
1463 470.901 
1464 469.202 
1465 467.469 
1466 465.705 
1467 463.91 
1468 462.085 
1469 460.233 
1470 458.353 
1471 456.448 
1472 454.519 
1473 452.567 
1474 450.593 
1475 448.598 
1476 446.584 
1477 444.553 
1478 442.505 
1479 440.442 
1480 438.366 
1481 436.276 
1482 434.176 
1483 432.066 
1484 429.947 
1485 427.822 
1486 425.691 
1487 423.556 
1488 421.418 
1489 419.278 
1490 417.139 
1491 415.001 
1492 412.865 
1493 410.735 
1494 408.609 
1495 406.491 
1496 404.382 
1497 402.283 
1498 400.195 
1499 398.12 
1500 396.06 
1501 394.016 
1502 391.989 
1503 389.978 
1504 387.985 
1505 386.01 
1506 384.053 
1507 382.115 
1508 380.197 
1509 378.299 
1510 376.421 
1511 374.565 
1512 372.729 
1513 370.916 
1514 369.125 
1515 367.358 
1516 365.613 
1517 363.893 
1518 362.197 
1519 360.527 
1520 358.882 
1521 357.263 
1522 355.671 
1523 354.106 
1524 352.569 
1525 351.06 
1526 349.58 
1527 348.129 
1528 346.708 
1529 345.317 
1530 343.958 
1531 342.63 
1532 341.334 
1533 340.071 
1534 338.84 
1535 337.644 
1536 336.482 
1537 335.355 
1538 334.263 
1539 333.207 
1540 332.188 
1541 331.205 
1542 330.261 
1543 329.355 
1544 328.488 
1545 327.66 
1546 326.872 
1547 326.125 
1548 325.419 
1549 324.755 
1550 324.133 
1551 323.554 
1552 323.018 
1553 322.523 
1554 322.069 
1555 321.656 
1556 321.283 
1557 320.949 
1558 320.654 
1559 320.396 
1560 320.176 
1561 319.993 
1562 319.845 
1563 319.733 
1564 319.656 
1565 319.613 
1566 319.603 
1567 319.626 
1568 319.681 
1569 319.767 
1570 319.884 
1571 320.03 
1572 320.206 
1573 320.411 
1574 320.644 
1575 320.903 
1576 321.19 
1577 321.501 
1578 321.838 
1579 322.2 
1580 322.584 
1581 322.992 
1582 323.422 
1583 323.873 
1584 324.345 
1585 324.837 
1586 325.348 
1587 325.877 
1588 326.424 
1589 326.988 
1590 327.568 
1591 328.163 
1592 328.773 
1593 329.397 
1594 330.034 
1595 330.683 
1596 331.343 
1597 332.014 
1598 332.695 
1599 333.385 
1600 334.083 
1601 334.789 
1602 335.502 
1603 336.22 
1604 336.945 
1605 337.675 
1606 338.41 
1607 339.148 
1608 339.891 
1609 340.636 
1610 341.384 
1611 342.133 
1612 342.884 
1613 343.636 
1614 344.387 
1615 345.139 
1616 345.889 
1617 346.637 
1618 347.384 
1619 348.127 
1620 348.867 
1621 349.603 
1622 350.335 
1623 351.061 
1624 351.781 
1625 352.495 
1626 353.202 
1627 353.901 
1628 354.592 
1629 355.274 
1630 355.947 
1631 356.609 
1632 357.261 
1633 357.901 
1634 358.529 
1635 359.144 
1636 359.746 
1637 360.334 
1638 360.907 
1639 361.465 
1640 362.007 
1641 362.532 
1642 363.04 
1643 363.531 
1644 364.002 
1645 364.454 
1646 364.887 
1647 365.298 
1648 365.689 
1649 366.057 
1650 366.403 
1651 366.725 
1652 367.024 
1653 367.299 
1654 367.55 
1655 367.778 
1656 367.981 
1657 368.159 
1658 368.314 
1659 368.443 
1660 368.548 
1661 368.628 
1662 368.683 
1663 368.712 
1664 368.716 
1665 368.694 
1666 368.646 
1667 368.573 
1668 368.473 
1669 368.347 
1670 368.194 
1671 368.015 
1672 367.809 
1673 367.576 
1674 367.316 
1675 367.029 
1676 366.714 
1677 366.371 
1678 366 
1679 365.602 
1680 365.175 
1681 364.72 
1682 364.237 
1683 363.724 
1684 363.183 
1685 362.613 
1686 362.013 
1687 361.385 
1688 360.726 
1689 360.038 
1690 359.32 
1691 358.571 
1692 357.793 
1693 356.984 
1694 356.144 
1695 355.273 
1696 354.372 
1697 353.439 
1698 352.475 
1699 351.479 
1700 350.452 
1701 349.392 
1702 348.302 
1703 347.18 
1704 346.028 
1705 344.845 
1706 343.634 
1707 342.393 
1708 341.123 
1709 339.826 
1710 338.501 
1711 337.149 
1712 335.77 
1713 334.365 
1714 332.935 
1715 331.479 
1716 329.999 
1717 328.495 
1718 326.967 
1719 325.416 
1720 323.843 
1721 322.248 
1722 320.631 
1723 318.993 
1724 317.335 
1725 315.657 
1726 313.96 
1727 312.244 
1728 310.509 
1729 308.757 
1730 306.988 
1731 305.202 
1732 303.4 
1733 301.582 
1734 299.75 
1735 297.903 
1736 296.042 
1737 294.168 
1738 292.281 
1739 290.382 
1740 288.471 
1741 286.55 
1742 284.618 
1743 282.676 
1744 280.725 
1745 278.765 
1746 276.797 
1747 274.822 
1748 272.84 
1749 270.851 
1750 268.857 
1751 266.858 
1752 264.854 
1753 262.846 
1754 260.836 
1755 258.822 
1756 256.807 
1757 254.791 
1758 252.774 
1759 250.758 
1760 248.742 
1761 246.727 
1762 244.715 
1763 242.705 
1764 240.699 
1765 238.698 
1766 236.701 
1767 234.709 
1768 232.724 
1769 230.746 
1770 228.775 
1771 226.813 
1772 224.86 
1773 222.916 
1774 220.983 
1775 219.061 
1776 217.151 
1777 215.253 
1778 213.369 
1779 211.499 
1780 209.643 
1781 207.803 
1782 205.98 
1783 204.173 
1784 202.384 
1785 200.613 
1786 198.862 
1787 197.13 
1788 195.419 
1789 193.73 
1790 192.063 
1791 190.418 
1792 188.798 
1793 187.202 
1794 185.631 
1795 184.086 
1796 182.568 
1797 181.078 
1798 179.615 
1799 178.183 
1800 176.78 
1801 175.407 
1802 174.065 
1803 172.754 
1804 171.472 
1805 170.221 
1806 168.999 
1807 167.807 
1808 166.644 
1809 165.51 
1810 164.405 
1811 163.328 
1812 162.28 
1813 161.261 
1814 160.269 
1815 159.305 
1816 158.369 
1817 157.46 
1818 156.578 
1819 155.723 
1820 154.894 
1821 154.092 
1822 153.317 
1823 152.567 
1824 151.843 
1825 151.144 
1826 150.471 
1827 149.823 
1828 149.2 
1829 148.601 
1830 148.027 
1831 147.476 
1832 146.95 
1833 146.447 
1834 145.968 
1835 145.512 
1836 145.078 
1837 144.667 
1838 144.279 
1839 143.913 
1840 143.568 
1841 143.246 
1842 142.944 
1843 142.664 
1844 142.405 
1845 142.166 
1846 141.948 
1847 141.749 
1848 141.571 
1849 141.412 
1850 141.272 
1851 141.151 
1852 141.049 
1853 140.965 
1854 140.898 
1855 140.848 
1856 140.815 
1857 140.798 
1858 140.795 
1859 140.808 
1860 140.835 
1861 140.875 
1862 140.929 
1863 140.996 
1864 141.074 
1865 141.164 
1866 141.265 
1867 141.377 
1868 141.498 
1869 141.629 
1870 141.768 
1871 141.916 
1872 142.071 
1873 142.233 
1874 142.402 
1875 142.576 
1876 142.756 
1877 142.94 
1878 143.129 
1879 143.321 
1880 143.517 
1881 143.714 
1882 143.914 
1883 144.114 
1884 144.315 
1885 144.516 
1886 144.717 
1887 144.916 
1888 145.114 
1889 145.309 
1890 145.501 
1891 145.689 
1892 145.873 
1893 146.052 
1894 146.225 
1895 146.393 
1896 146.553 
1897 146.706 
1898 146.851 
1899 146.988 
1900 147.114 
1901 147.232 
1902 147.339 
1903 147.436 
1904 147.523 
1905 147.601 
1906 147.668 
1907 147.726 
1908 147.774 
1909 147.813 
1910 147.841 
1911 147.861 
1912 147.87 
1913 147.87 
1914 147.86 
1915 147.841 
1916 147.813 
1917 147.775 
1918 147.727 
1919 147.671 
1920 147.605 
1921 147.53 
1922 147.445 
1923 147.352 
1924 147.249 
1925 147.137 
1926 147.016 
1927 146.886 
1928 146.747 
1929 146.599 
1930 146.443 
1931 146.277 
1932 146.102 
1933 145.919 
1934 145.727 
1935 145.527 
1936 145.317 
1937 145.1 
1938 144.873 
1939 144.638 
1940 144.395 
1941 144.143 
1942 143.883 
1943 143.614 
1944 143.337 
1945 143.052 
1946 142.759 
1947 142.457 
1948 142.148 
1949 141.83 
1950 141.504 
1951 141.171 
1952 140.829 
1953 140.48 
1954 140.123 
1955 139.759 
1956 139.387 
1957 139.008 
1958 138.622 
1959 138.229 
1960 137.829 
1961 137.422 
1962 137.009 
1963 136.589 
1964 136.162 
1965 135.73 
1966 135.291 
1967 134.847 
1968 134.396 
1969 133.94 
1970 133.478 
1971 133.011 
1972 132.538 
1973 132.06 
1974 131.577 
1975 131.089 
1976 130.596 
1977 130.099 
1978 129.597 
1979 129.09 
1980 128.58 
1981 128.065 
1982 127.546 
1983 127.023 
1984 126.497 
1985 125.966 
1986 125.433 
1987 124.896 
1988 124.356 
1989 123.813 
1990 123.267 
1991 122.718 
1992 122.166 
1993 121.613 
1994 121.056 
1995 120.498 
1996 119.937 
1997 119.375 
1998 118.811 
1999 118.245 
2000 117.678 
