# ELL C_ELL ERR_UP ERR_DOWN
       2       299.495       797.980       159.596
       3       1006.77       1447.37       434.211
       4       645.569       719.520       239.840
       5       1283.88       1289.57       386.871
       6       599.185       400.671       218.548
       7       1162.04       700.408       382.041
       8       639.652       346.695       208.017
       9       631.571       342.315       205.389
      10       797.376       374.036       238.023
      11       931.293       373.196       271.415
      12       729.551       306.105       204.070
      13       691.994       287.049       184.532
      14       841.080       309.600       206.400
      15       985.830       381.164       207.908
      16       645.593       251.939       146.964
      17       1042.90       354.125       247.888
      18       704.645       215.159       172.127
      19       889.209       283.674       196.390
      20       658.099       221.210       132.726
      21       581.438       179.479       134.609
      22       620.243       182.090       136.567
      23       736.931       215.499       153.928
      24       763.366       218.662       156.187
      25       743.136       206.096       158.536
      26       786.337       225.242       144.799
      27       973.755       244.970       195.976
      28       1185.37       290.125       227.956
      29       1003.34       252.412       176.688
      30       903.340       222.098       170.844
      31       1033.69       260.048       182.034
      32       1425.60       356.400       237.600
      33       1065.20       241.178       187.583
      34       1081.01       244.756       190.366
      35       917.942       220.858       165.644
      36       1113.58       252.131       196.102
      37       1402.50       307.982       213.218
      38       1254.91       288.485       192.323
      39       1298.08       292.800       195.200
      40       1927.53       420.913       294.639
      41       1163.21       221.084       200.986
      42       1284.54       244.674       214.090
      43       1375.35       258.525       232.673
      44       1298.00       251.733       209.778
      45       975.998       212.752       148.926
      46       1076.17       194.196       172.619
      47       1619.33       300.889       246.182
      48       931.908       183.053       133.130
      49       1580.53       281.232       224.986
      4.77112240e+01   1.47933552e+03   5.07654876e+01   5.07654876e+01
  7.64716065e+01   2.03496833e+03   5.47101576e+01   5.47101576e+01
  1.05917385e+02   2.95539416e+03   6.49766440e+01   6.49766440e+01
  1.35605348e+02   3.86951392e+03   7.69143744e+01   7.69143744e+01
  1.65405597e+02   4.88946506e+03   8.65856259e+01   8.65856259e+01
  1.95266870e+02   5.46410945e+03   9.05533459e+01   9.05533459e+01
  2.25164945e+02   5.79343954e+03   8.71348811e+01   8.71348811e+01
  2.55086908e+02   5.37288375e+03   7.69383697e+01   7.69383697e+01
  2.85025248e+02   4.62767753e+03   6.25199141e+01   6.25199141e+01
  3.14975304e+02   3.60423851e+03   4.71589439e+01   4.71589439e+01
  3.44934027e+02   2.63120029e+03   3.38762191e+01   3.38762191e+01
  3.74899344e+02   2.03305943e+03   2.48190562e+01   2.48190562e+01
  4.04869791e+02   1.75336253e+03   2.07109083e+01   2.07109083e+01
  4.34844309e+02   1.78757901e+03   2.06713695e+01   2.06713695e+01
  4.64822111e+02   2.16204649e+03   2.27523861e+01   2.27523861e+01
  4.94802601e+02   2.42208480e+03   2.49726104e+01   2.49726104e+01
  5.24785320e+02   2.57348050e+03   2.59184118e+01   2.59184118e+01
  5.54769905e+02   2.54629768e+03   2.50510538e+01   2.50510538e+01
  5.84756069e+02   2.36064530e+03   2.27209283e+01   2.27209283e+01
  6.14743583e+02   2.09543505e+03   1.98505488e+01   1.98505488e+01
  6.44732258e+02   1.88467698e+03   1.75025264e+01   1.75025264e+01
  6.74721939e+02   1.81316288e+03   1.64306044e+01   1.64306044e+01
  7.04712498e+02   1.88319393e+03   1.67990643e+01   1.67990643e+01
  7.34703827e+02   2.09713072e+03   1.81645476e+01   1.81645476e+01
  7.64695836e+02   2.31873584e+03   1.97363538e+01   1.97363538e+01
  7.94688447e+02   2.46458129e+03   2.07062220e+01   2.07062220e+01
  8.24681596e+02   2.52191260e+03   2.05197620e+01   2.05197620e+01
  8.54675226e+02   2.39412077e+03   1.90381031e+01   1.90381031e+01
  8.84669287e+02   2.08333867e+03   1.65790348e+01   1.65790348e+01
  9.14663738e+02   1.74072841e+03   1.37374917e+01   1.37374917e+01
  9.44658541e+02   1.41867342e+03   1.11420483e+01   1.11420483e+01
  9.74653663e+02   1.17295424e+03   9.28646475e+00   9.28646475e+00
  1.00464908e+03   1.06240462e+03   8.37987000e+00   8.37987000e+00
  1.03464476e+03   1.04786241e+03   8.30074773e+00   8.30074773e+00
  1.06464068e+03   1.13235191e+03   8.68575434e+00   8.68575434e+00
  1.09463683e+03   1.21101851e+03   9.11274984e+00   9.11274984e+00
  1.12463318e+03   1.23187224e+03   9.26050628e+00   9.26050628e+00
  1.15462972e+03   1.20578050e+03   8.98528122e+00   8.98528122e+00
  1.18462643e+03   1.11792662e+03   8.33171031e+00   8.33171031e+00
  1.21462331e+03   9.68422243e+02   7.54508665e+00   7.54508665e+00
  1.24462034e+03   8.64397967e+02   6.64322644e+00   6.64322644e+00
  1.27461751e+03   7.61605936e+02   5.98585735e+00   5.98585735e+00
  1.30461481e+03   7.32339633e+02   5.68666086e+00   5.68666086e+00
  1.33461223e+03   7.37290337e+02   5.71800485e+00   5.71800485e+00
  1.36460976e+03   7.74925851e+02   5.94089388e+00   5.94089388e+00
  1.39460740e+03   8.06625346e+02   6.17243469e+00   6.17243469e+00
  1.42460514e+03   8.09057064e+02   6.25632882e+00   6.25632882e+00
  1.45460297e+03   7.77751089e+02   6.11143430e+00   6.11143430e+00
  1.48460089e+03   7.28943580e+02   5.74544667e+00   5.74544667e+00
  1.51459890e+03   6.48288645e+02   5.24258624e+00   5.24258624e+00
  1.54459698e+03   5.51286111e+02   4.72393254e+00   4.72393254e+00
  1.57459513e+03   4.76600995e+02   4.30079600e+00   4.30079600e+00
  1.60459335e+03   4.19541270e+02   4.04442416e+00   4.04442416e+00
  1.63459164e+03   3.95211496e+02   3.96833591e+00   3.96833591e+00
  1.66458999e+03   3.91657847e+02   4.03423921e+00   4.03423921e+00
  1.69458839e+03   3.92947519e+02   4.17356282e+00   4.17356282e+00
  1.72458686e+03   3.97735803e+02   4.31665510e+00   4.31665510e+00
  1.75458537e+03   3.83011743e+02   4.41586492e+00   4.41586492e+00
  1.78458394e+03   3.75391143e+02   4.45733427e+00   4.45733427e+00
  1.81458255e+03   3.40139516e+02   4.45892926e+00   4.45892926e+00
  1.84458121e+03   3.07539268e+02   4.45749277e+00   4.45749277e+00
  1.87457991e+03   2.73859536e+02   4.49350451e+00   4.49350451e+00
  1.90457865e+03   2.49846901e+02   4.59652807e+00   4.59652807e+00
  1.93457743e+03   2.44246300e+02   4.77758093e+00   4.77758093e+00
  1.96457625e+03   2.31913142e+02   5.02866666e+00   5.02866666e+00
  1.99457510e+03   2.34658998e+02   5.42839879e+00   5.42839879e+00
  2.02457399e+03   2.31744942e+02   5.86880339e+00   5.86880339e+00
  2.05457291e+03   2.19660112e+02   6.20024969e+00   6.20024969e+00
  2.08457186e+03   2.14252650e+02   6.53323083e+00   6.53323083e+00
  2.11457084e+03   1.96716713e+02   6.87393629e+00   6.87393629e+00
  2.14456985e+03   1.76431323e+02   7.23789713e+00   7.23789713e+00
  2.17456889e+03   1.52227062e+02   7.64417922e+00   7.64417922e+00
  2.20456795e+03   1.38671109e+02   8.10965997e+00   8.10965997e+00
  2.23456704e+03   1.21459219e+02   8.64541703e+00   8.64541703e+00
  2.26456615e+03   1.16155153e+02   9.25556670e+00   9.25556670e+00
  2.29456529e+03   1.17768892e+02   9.93861339e+00   9.93861339e+00
  2.32456444e+03   1.16129438e+02   1.06905048e+01   1.06905048e+01
  2.35456362e+03   1.09714703e+02   1.15085752e+01   1.15085752e+01
  2.38456282e+03   1.20361413e+02   1.23926722e+01   1.23926722e+01
  2.41456204e+03   9.04515698e+01   1.33433129e+01   1.33433129e+01
  2.44456128e+03   1.03080972e+02   1.43819739e+01   1.43819739e+01
  2.47456054e+03   7.36743738e+01   1.55113561e+01   1.55113561e+01
  2.49902400e+03   6.13290585e+01   2.09398269e+01   2.09398269e+01   
