1.62039e-27 3.08127e+70 
1.63456e-27 3.10727e+70 
1.64886e-27 3.13349e+70 
1.66328e-27 3.15992e+70 
1.67783e-27 3.18658e+70 
1.6925e-27 3.21347e+70 
1.7073e-27 3.24058e+70 
1.72224e-27 3.26792e+70 
1.7373e-27 3.29549e+70 
1.7525e-27 3.32329e+70 
1.76782e-27 3.35133e+70 
1.78328e-27 3.37961e+70 
1.79888e-27 3.40812e+70 
1.81462e-27 3.43687e+70 
1.83049e-27 3.46587e+70 
1.8465e-27 3.49511e+70 
1.86265e-27 3.5246e+70 
1.87894e-27 3.55433e+70 
1.89537e-27 3.58432e+70 
1.91195e-27 3.61456e+70 
1.92867e-27 3.64505e+70 
1.94554e-27 3.6758e+70 
1.96256e-27 3.70681e+70 
1.97972e-27 3.73808e+70 
1.99704e-27 3.76962e+70 
2.0145e-27 3.80142e+70 
2.03212e-27 3.83349e+70 
2.0499e-27 3.86583e+70 
2.06782e-27 3.89844e+70 
2.08591e-27 3.93133e+70 
2.10415e-27 3.96449e+70 
2.12256e-27 3.99793e+70 
2.14112e-27 4.03166e+70 
2.15985e-27 4.06567e+70 
2.17874e-27 4.09997e+70 
2.19779e-27 4.13455e+70 
2.21702e-27 4.16943e+70 
2.23641e-27 4.2046e+70 
2.25597e-27 4.24007e+70 
2.2757e-27 4.27584e+70 
2.2956e-27 4.3119e+70 
2.31568e-27 4.34828e+70 
2.33593e-27 4.38496e+70 
2.35637e-27 4.42194e+70 
2.37697e-27 4.45924e+70 
2.39776e-27 4.49686e+70 
2.41874e-27 4.53479e+70 
2.43989e-27 4.57304e+70 
2.46123e-27 4.61161e+70 
2.48276e-27 4.65051e+70 
2.50447e-27 4.68973e+70 
2.52638e-27 4.72929e+70 
2.54847e-27 4.76918e+70 
2.57076e-27 4.80941e+70 
2.59325e-27 4.84997e+70 
2.61593e-27 4.89088e+70 
2.63881e-27 4.93213e+70 
2.66189e-27 4.97373e+70 
2.68517e-27 5.01568e+70 
2.70865e-27 5.05798e+70 
2.73234e-27 5.10064e+70 
2.75624e-27 5.14365e+70 
2.78035e-27 5.18703e+70 
2.80467e-27 5.23078e+70 
2.8292e-27 5.27489e+70 
2.85394e-27 5.31938e+70 
2.8789e-27 5.36424e+70 
2.90408e-27 5.40948e+70 
2.92948e-27 5.4551e+70 
2.9551e-27 5.5011e+70 
2.98095e-27 5.54749e+70 
3.00702e-27 5.59427e+70 
3.03332e-27 5.64145e+70 
3.05985e-27 5.68902e+70 
3.08662e-27 5.737e+70 
3.11361e-27 5.78537e+70 
3.14084e-27 5.83416e+70 
3.16831e-27 5.88335e+70 
3.19603e-27 5.93296e+70 
3.22398e-27 5.98299e+70 
3.25218e-27 6.03344e+70 
3.28062e-27 6.08431e+70 
3.30931e-27 6.13561e+70 
3.33826e-27 6.18734e+70 
3.36746e-27 6.23951e+70 
3.39691e-27 6.29212e+70 
3.42662e-27 6.34517e+70 
3.45659e-27 6.39867e+70 
3.48682e-27 6.45261e+70 
3.51732e-27 6.50701e+70 
3.54808e-27 6.56187e+70 
3.57911e-27 6.61719e+70 
3.61042e-27 6.67298e+70 
3.64199e-27 6.72923e+70 
3.67385e-27 6.78596e+70 
3.70598e-27 6.84317e+70 
3.73839e-27 6.90085e+70 
3.77109e-27 6.95902e+70 
3.80407e-27 7.01768e+70 
3.83734e-27 7.07684e+70 
3.87091e-27 7.13649e+70 
3.90476e-27 7.19664e+70 
3.93892e-27 7.2573e+70 
3.97337e-27 7.31847e+70 
4.00812e-27 7.38015e+70 
4.04317e-27 7.44236e+70 
4.07854e-27 7.50508e+70 
4.11421e-27 7.56833e+70 
4.15019e-27 7.63212e+70 
4.18649e-27 7.69644e+70 
4.22311e-27 7.7613e+70 
4.26004e-27 7.8267e+70 
4.2973e-27 7.89266e+70 
4.33489e-27 7.95917e+70 
4.3728e-27 8.02624e+70 
4.41105e-27 8.09387e+70 
4.44963e-27 8.16207e+70 
4.48855e-27 8.23084e+70 
4.5278e-27 8.30019e+70 
4.5674e-27 8.37012e+70 
4.60735e-27 8.44064e+70 
4.64765e-27 8.51176e+70 
4.6883e-27 8.58347e+70 
4.7293e-27 8.65578e+70 
4.77067e-27 8.7287e+70 
4.81239e-27 8.80223e+70 
4.85448e-27 8.87638e+70 
4.89694e-27 8.95115e+70 
4.93977e-27 9.02655e+70 
4.98298e-27 9.10258e+70 
5.02656e-27 9.17924e+70 
5.07052e-27 9.25656e+70 
5.11487e-27 9.33452e+70 
5.15961e-27 9.41313e+70 
5.20473e-27 9.49241e+70 
5.25026e-27 9.57235e+70 
5.29618e-27 9.65296e+70 
5.3425e-27 9.73424e+70 
5.38922e-27 9.81621e+70 
5.43636e-27 9.89886e+70 
5.48391e-27 9.98221e+70 
5.53187e-27 1.00663e+71 
5.58025e-27 1.0151e+71 
5.62906e-27 1.02365e+71 
5.67829e-27 1.03226e+71 
5.72796e-27 1.04095e+71 
5.77806e-27 1.04972e+71 
5.82859e-27 1.05855e+71 
5.87957e-27 1.06746e+71 
5.93099e-27 1.07645e+71 
5.98287e-27 1.08551e+71 
6.0352e-27 1.09464e+71 
6.08798e-27 1.10386e+71 
6.14123e-27 1.11314e+71 
6.19494e-27 1.12251e+71 
6.24912e-27 1.13196e+71 
6.30378e-27 1.14148e+71 
6.35891e-27 1.15109e+71 
6.41453e-27 1.16077e+71 
6.47063e-27 1.17054e+71 
6.52723e-27 1.18038e+71 
6.58432e-27 1.19031e+71 
6.6419e-27 1.20033e+71 
6.7e-27 1.21042e+71 
6.7586e-27 1.2206e+71 
6.81771e-27 1.23087e+71 
6.87734e-27 1.24122e+71 
6.93749e-27 1.25166e+71 
6.99817e-27 1.26218e+71 
7.05937e-27 1.2728e+71 
7.12112e-27 1.2835e+71 
7.1834e-27 1.29429e+71 
7.24623e-27 1.30517e+71 
7.3096e-27 1.31614e+71 
7.37354e-27 1.3272e+71 
7.43803e-27 1.33836e+71 
7.50308e-27 1.34961e+71 
7.56871e-27 1.36095e+71 
7.6349e-27 1.37239e+71 
7.70168e-27 1.38392e+71 
7.76904e-27 1.39555e+71 
7.83699e-27 1.40727e+71 
7.90554e-27 1.4191e+71 
7.97468e-27 1.43102e+71 
8.04443e-27 1.44304e+71 
8.11479e-27 1.45516e+71 
8.18576e-27 1.46738e+71 
8.25736e-27 1.47971e+71 
8.32958e-27 1.49213e+71 
8.40243e-27 1.50466e+71 
8.47592e-27 1.5173e+71 
8.55005e-27 1.53004e+71 
8.62483e-27 1.54288e+71 
8.70027e-27 1.55583e+71 
8.77636e-27 1.56889e+71 
8.85312e-27 1.58206e+71 
8.93055e-27 1.59534e+71 
9.00866e-27 1.60873e+71 
9.08745e-27 1.62223e+71 
9.16694e-27 1.63584e+71 
9.24711e-27 1.64956e+71 
9.32799e-27 1.6634e+71 
9.40957e-27 1.67735e+71 
9.49187e-27 1.69142e+71 
9.57489e-27 1.70561e+71 
9.65864e-27 1.71991e+71 
9.74311e-27 1.73433e+71 
9.82833e-27 1.74887e+71 
9.91429e-27 1.76353e+71 
1.0001e-26 1.77832e+71 
1.00885e-26 1.79322e+71 
1.01767e-26 1.80825e+71 
1.02657e-26 1.8234e+71 
1.03555e-26 1.83868e+71 
1.04461e-26 1.85409e+71 
1.05374e-26 1.86962e+71 
1.06296e-26 1.88528e+71 
1.07226e-26 1.90107e+71 
1.08164e-26 1.91699e+71 
1.0911e-26 1.93304e+71 
1.10064e-26 1.94923e+71 
1.11027e-26 1.96555e+71 
1.11998e-26 1.982e+71 
1.12977e-26 1.99859e+71 
1.13965e-26 2.01531e+71 
1.14962e-26 2.03218e+71 
1.15968e-26 2.04918e+71 
1.16982e-26 2.06632e+71 
1.18005e-26 2.08361e+71 
1.19037e-26 2.10103e+71 
1.20078e-26 2.1186e+71 
1.21128e-26 2.13632e+71 
1.22188e-26 2.15418e+71 
1.23257e-26 2.17219e+71 
1.24335e-26 2.19034e+71 
1.25422e-26 2.20865e+71 
1.26519e-26 2.2271e+71 
1.27626e-26 2.24571e+71 
1.28742e-26 2.26447e+71 
1.29868e-26 2.28338e+71 
1.31004e-26 2.30245e+71 
1.32149e-26 2.32168e+71 
1.33305e-26 2.34106e+71 
1.34471e-26 2.3606e+71 
1.35647e-26 2.38031e+71 
1.36834e-26 2.40017e+71 
1.3803e-26 2.4202e+71 
1.39238e-26 2.44039e+71 
1.40456e-26 2.46074e+71 
1.41684e-26 2.48127e+71 
1.42923e-26 2.50196e+71 
1.44173e-26 2.52282e+71 
1.45434e-26 2.54385e+71 
1.46706e-26 2.56505e+71 
1.47989e-26 2.58642e+71 
1.49284e-26 2.60797e+71 
1.50589e-26 2.6297e+71 
1.51906e-26 2.6516e+71 
1.53235e-26 2.67368e+71 
1.54575e-26 2.69595e+71 
1.55927e-26 2.71839e+71 
1.57291e-26 2.74101e+71 
1.58667e-26 2.76382e+71 
1.60054e-26 2.78682e+71 
1.61454e-26 2.81e+71 
1.62866e-26 2.83337e+71 
1.64291e-26 2.85693e+71 
1.65728e-26 2.88068e+71 
1.67177e-26 2.90463e+71 
1.6864e-26 2.92877e+71 
1.70115e-26 2.9531e+71 
1.71602e-26 2.97764e+71 
1.73103e-26 3.00237e+71 
1.74617e-26 3.0273e+71 
1.76145e-26 3.05243e+71 
1.77685e-26 3.07777e+71 
1.79239e-26 3.10331e+71 
1.80807e-26 3.12906e+71 
1.82388e-26 3.15501e+71 
1.83983e-26 3.18118e+71 
1.85593e-26 3.20755e+71 
1.87216e-26 3.23414e+71 
1.88853e-26 3.26095e+71 
1.90505e-26 3.28796e+71 
1.92171e-26 3.3152e+71 
1.93852e-26 3.34266e+71 
1.95548e-26 3.37033e+71 
1.97258e-26 3.39823e+71 
1.98983e-26 3.42635e+71 
2.00723e-26 3.4547e+71 
2.02479e-26 3.48328e+71 
2.0425e-26 3.51208e+71 
2.06036e-26 3.54112e+71 
2.07838e-26 3.57039e+71 
2.09656e-26 3.59989e+71 
2.1149e-26 3.62963e+71 
2.1334e-26 3.6596e+71 
2.15206e-26 3.68982e+71 
2.17088e-26 3.72027e+71 
2.18987e-26 3.75097e+71 
2.20902e-26 3.78191e+71 
2.22834e-26 3.8131e+71 
2.24783e-26 3.84454e+71 
2.26749e-26 3.87622e+71 
2.28732e-26 3.90816e+71 
2.30733e-26 3.94035e+71 
2.32751e-26 3.97279e+71 
2.34786e-26 4.0055e+71 
2.3684e-26 4.03846e+71 
2.38911e-26 4.07168e+71 
2.41001e-26 4.10516e+71 
2.43109e-26 4.13891e+71 
2.45235e-26 4.17292e+71 
2.4738e-26 4.20721e+71 
2.49544e-26 4.24176e+71 
2.51726e-26 4.27658e+71 
2.53928e-26 4.31167e+71 
2.56149e-26 4.34705e+71 
2.58389e-26 4.38269e+71 
2.60649e-26 4.41862e+71 
2.62929e-26 4.45483e+71 
2.65228e-26 4.49132e+71 
2.67548e-26 4.5281e+71 
2.69888e-26 4.56516e+71 
2.72249e-26 4.60251e+71 
2.7463e-26 4.64015e+71 
2.77032e-26 4.67809e+71 
2.79455e-26 4.71632e+71 
2.81899e-26 4.75484e+71 
2.84365e-26 4.79366e+71 
2.86852e-26 4.83279e+71 
2.89361e-26 4.87222e+71 
2.91891e-26 4.91195e+71 
2.94444e-26 4.95198e+71 
2.9702e-26 4.99233e+71 
2.99617e-26 5.03299e+71 
3.02238e-26 5.07396e+71 
3.04881e-26 5.11524e+71 
3.07548e-26 5.15684e+71 
3.10238e-26 5.19876e+71 
3.12951e-26 5.241e+71 
3.15688e-26 5.28356e+71 
3.1845e-26 5.32645e+71 
3.21235e-26 5.36966e+71 
3.24044e-26 5.4132e+71 
3.26879e-26 5.45708e+71 
3.29737e-26 5.50128e+71 
3.32621e-26 5.54583e+71 
3.35531e-26 5.59071e+71 
3.38465e-26 5.63593e+71 
3.41426e-26 5.68149e+71 
3.44412e-26 5.72739e+71 
3.47424e-26 5.77364e+71 
3.50463e-26 5.82024e+71 
3.53528e-26 5.86719e+71 
3.5662e-26 5.91449e+71 
3.59739e-26 5.96215e+71 
3.62885e-26 6.01016e+71 
3.66059e-26 6.05853e+71 
3.69261e-26 6.10726e+71 
3.72491e-26 6.15635e+71 
3.75749e-26 6.20581e+71 
3.79035e-26 6.25564e+71 
3.8235e-26 6.30583e+71 
3.85694e-26 6.3564e+71 
3.89068e-26 6.40734e+71 
3.9247e-26 6.45866e+71 
3.95903e-26 6.51035e+71 
3.99366e-26 6.56242e+71 
4.02859e-26 6.61488e+71 
4.06382e-26 6.66772e+71 
4.09937e-26 6.72095e+71 
4.13522e-26 6.77456e+71 
4.17139e-26 6.82856e+71 
4.20787e-26 6.88296e+71 
4.24467e-26 6.93775e+71 
4.2818e-26 6.99294e+71 
4.31925e-26 7.04853e+71 
4.35703e-26 7.10452e+71 
4.39513e-26 7.16091e+71 
4.43358e-26 7.2177e+71 
4.47235e-26 7.27491e+71 
4.51147e-26 7.33252e+71 
4.55093e-26 7.39054e+71 
4.59073e-26 7.44898e+71 
4.63088e-26 7.50783e+71 
4.67139e-26 7.56711e+71 
4.71224e-26 7.6268e+71 
4.75346e-26 7.68691e+71 
4.79503e-26 7.74745e+71 
4.83697e-26 7.80841e+71 
4.87928e-26 7.8698e+71 
4.92195e-26 7.93162e+71 
4.965e-26 7.99387e+71 
5.00842e-26 8.05656e+71 
5.05223e-26 8.11968e+71 
5.09642e-26 8.18324e+71 
5.14099e-26 8.24724e+71 
5.18596e-26 8.31168e+71 
5.23131e-26 8.37657e+71 
5.27707e-26 8.4419e+71 
5.32322e-26 8.50768e+71 
5.36978e-26 8.57391e+71 
5.41675e-26 8.64059e+71 
5.46412e-26 8.70772e+71 
5.51191e-26 8.77531e+71 
5.56012e-26 8.84336e+71 
5.60875e-26 8.91186e+71 
5.65781e-26 8.98083e+71 
5.70729e-26 9.05026e+71 
5.75721e-26 9.12015e+71 
5.80756e-26 9.1905e+71 
5.85836e-26 9.26133e+71 
5.9096e-26 9.33262e+71 
5.96128e-26 9.40438e+71 
6.01342e-26 9.47662e+71 
6.06602e-26 9.54933e+71 
6.11907e-26 9.62252e+71 
6.17259e-26 9.69618e+71 
6.22658e-26 9.77032e+71 
6.28104e-26 9.84494e+71 
6.33597e-26 9.92004e+71 
6.39139e-26 9.99563e+71 
6.44729e-26 1.00717e+72 
6.50368e-26 1.01483e+72 
6.56056e-26 1.02253e+72 
6.61794e-26 1.03028e+72 
6.67582e-26 1.03809e+72 
6.73421e-26 1.04594e+72 
6.79311e-26 1.05384e+72 
6.85253e-26 1.06179e+72 
6.91246e-26 1.06979e+72 
6.97292e-26 1.07784e+72 
7.03391e-26 1.08593e+72 
7.09543e-26 1.09408e+72 
7.15748e-26 1.10228e+72 
7.22009e-26 1.11053e+72 
7.28323e-26 1.11883e+72 
7.34693e-26 1.12718e+72 
7.41119e-26 1.13558e+72 
7.47601e-26 1.14402e+72 
7.5414e-26 1.15252e+72 
7.60736e-26 1.16107e+72 
7.6739e-26 1.16967e+72 
7.74101e-26 1.17833e+72 
7.80872e-26 1.18703e+72 
7.87701e-26 1.19578e+72 
7.94591e-26 1.20458e+72 
8.01541e-26 1.21344e+72 
8.08551e-26 1.22234e+72 
8.15623e-26 1.2313e+72 
8.22757e-26 1.2403e+72 
8.29953e-26 1.24936e+72 
8.37212e-26 1.25847e+72 
8.44534e-26 1.26762e+72 
8.5192e-26 1.27683e+72 
8.59372e-26 1.28609e+72 
8.66888e-26 1.2954e+72 
8.7447e-26 1.30477e+72 
8.82118e-26 1.31418e+72 
8.89833e-26 1.32364e+72 
8.97616e-26 1.33315e+72 
9.05467e-26 1.34272e+72 
9.13386e-26 1.35233e+72 
9.21375e-26 1.362e+72 
9.29434e-26 1.37171e+72 
9.37563e-26 1.38148e+72 
9.45763e-26 1.39129e+72 
9.54035e-26 1.40116e+72 
9.62379e-26 1.41107e+72 
9.70796e-26 1.42104e+72 
9.79287e-26 1.43105e+72 
9.87852e-26 1.44111e+72 
9.96492e-26 1.45123e+72 
1.00521e-25 1.46139e+72 
1.014e-25 1.4716e+72 
1.02287e-25 1.48186e+72 
1.03181e-25 1.49217e+72 
1.04084e-25 1.50252e+72 
1.04994e-25 1.51293e+72 
1.05913e-25 1.52338e+72 
1.06839e-25 1.53388e+72 
1.07773e-25 1.54443e+72 
1.08716e-25 1.55502e+72 
1.09667e-25 1.56566e+72 
1.10626e-25 1.57635e+72 
1.11594e-25 1.58708e+72 
1.1257e-25 1.59786e+72 
1.13554e-25 1.60869e+72 
1.14547e-25 1.61956e+72 
1.15549e-25 1.63047e+72 
1.1656e-25 1.64143e+72 
1.17579e-25 1.65244e+72 
1.18608e-25 1.66348e+72 
1.19645e-25 1.67457e+72 
1.20691e-25 1.68571e+72 
1.21747e-25 1.69688e+72 
1.22812e-25 1.7081e+72 
1.23886e-25 1.71936e+72 
1.2497e-25 1.73066e+72 
1.26063e-25 1.742e+72 
1.27165e-25 1.75338e+72 
1.28277e-25 1.7648e+72 
1.29399e-25 1.77626e+72 
1.30531e-25 1.78775e+72 
1.31673e-25 1.79929e+72 
1.32824e-25 1.81086e+72 
1.33986e-25 1.82246e+72 
1.35158e-25 1.8341e+72 
1.3634e-25 1.84578e+72 
1.37533e-25 1.85749e+72 
1.38735e-25 1.86924e+72 
1.39949e-25 1.88102e+72 
1.41173e-25 1.89283e+72 
1.42408e-25 1.90467e+72 
1.43653e-25 1.91654e+72 
1.4491e-25 1.92844e+72 
1.46177e-25 1.94037e+72 
1.47455e-25 1.95233e+72 
1.48745e-25 1.96431e+72 
1.50046e-25 1.97632e+72 
1.51358e-25 1.98836e+72 
1.52682e-25 2.00042e+72 
1.54018e-25 2.01251e+72 
1.55365e-25 2.02461e+72 
1.56724e-25 2.03674e+72 
1.58094e-25 2.04889e+72 
1.59477e-25 2.06105e+72 
1.60872e-25 2.07324e+72 
1.62279e-25 2.08544e+72 
1.63698e-25 2.09765e+72 
1.6513e-25 2.10989e+72 
1.66574e-25 2.12213e+72 
1.68031e-25 2.13439e+72 
1.69501e-25 2.14665e+72 
1.70983e-25 2.15893e+72 
1.72479e-25 2.17122e+72 
1.73987e-25 2.18351e+72 
1.75509e-25 2.1958e+72 
1.77044e-25 2.2081e+72 
1.78593e-25 2.22041e+72 
1.80155e-25 2.23271e+72 
1.8173e-25 2.24501e+72 
1.8332e-25 2.25732e+72 
1.84923e-25 2.26961e+72 
1.8654e-25 2.28191e+72 
1.88172e-25 2.29419e+72 
1.89818e-25 2.30647e+72 
1.91478e-25 2.31873e+72 
1.93153e-25 2.33099e+72 
1.94842e-25 2.34323e+72 
1.96546e-25 2.35545e+72 
1.98265e-25 2.36766e+72 
1.99999e-25 2.37985e+72 
2.01749e-25 2.39201e+72 
2.03513e-25 2.40416e+72 
2.05293e-25 2.41628e+72 
2.07089e-25 2.42837e+72 
2.089e-25 2.44043e+72 
2.10727e-25 2.45246e+72 
2.1257e-25 2.46445e+72 
2.14429e-25 2.47641e+72 
2.16305e-25 2.48833e+72 
2.18197e-25 2.50022e+72 
2.20105e-25 2.51206e+72 
2.2203e-25 2.52385e+72 
2.23972e-25 2.5356e+72 
2.25931e-25 2.54729e+72 
2.27907e-25 2.55894e+72 
2.299e-25 2.57053e+72 
2.31911e-25 2.58206e+72 
2.33939e-25 2.59354e+72 
2.35985e-25 2.60495e+72 
2.38049e-25 2.61629e+72 
2.40131e-25 2.62757e+72 
2.42232e-25 2.63878e+72 
2.4435e-25 2.64992e+72 
2.46488e-25 2.66098e+72 
2.48643e-25 2.67196e+72 
2.50818e-25 2.68286e+72 
2.53012e-25 2.69367e+72 
2.55225e-25 2.7044e+72 
2.57457e-25 2.71504e+72 
2.59709e-25 2.72558e+72 
2.6198e-25 2.73603e+72 
2.64272e-25 2.74638e+72 
2.66583e-25 2.75663e+72 
2.68915e-25 2.76677e+72 
2.71267e-25 2.7768e+72 
2.73639e-25 2.78672e+72 
2.76032e-25 2.79652e+72 
2.78447e-25 2.8062e+72 
2.80882e-25 2.81577e+72 
2.83339e-25 2.8252e+72 
2.85817e-25 2.83451e+72 
2.88317e-25 2.84369e+72 
2.90838e-25 2.85273e+72 
2.93382e-25 2.86163e+72 
2.95948e-25 2.87039e+72 
2.98536e-25 2.87901e+72 
3.01148e-25 2.88747e+72 
3.03781e-25 2.89578e+72 
3.06438e-25 2.90394e+72 
3.09119e-25 2.91193e+72 
3.11822e-25 2.91976e+72 
3.1455e-25 2.92743e+72 
3.17301e-25 2.93492e+72 
3.20076e-25 2.94224e+72 
3.22875e-25 2.94938e+72 
3.25699e-25 2.95634e+72 
3.28548e-25 2.96311e+72 
3.31421e-25 2.9697e+72 
3.3432e-25 2.97609e+72 
3.37244e-25 2.98229e+72 
3.40194e-25 2.98828e+72 
3.43169e-25 2.99408e+72 
3.46171e-25 2.99966e+72 
3.49198e-25 3.00504e+72 
3.52253e-25 3.0102e+72 
3.55333e-25 3.01514e+72 
3.58441e-25 3.01986e+72 
3.61576e-25 3.02436e+72 
3.64739e-25 3.02863e+72 
3.67929e-25 3.03267e+72 
3.71147e-25 3.03647e+72 
3.74393e-25 3.04004e+72 
3.77668e-25 3.04336e+72 
3.80971e-25 3.04644e+72 
3.84303e-25 3.04927e+72 
3.87664e-25 3.05185e+72 
3.91055e-25 3.05418e+72 
3.94475e-25 3.05624e+72 
3.97925e-25 3.05805e+72 
4.01405e-25 3.0596e+72 
4.04916e-25 3.06088e+72 
4.08458e-25 3.06189e+72 
4.1203e-25 3.06263e+72 
4.15634e-25 3.0631e+72 
4.19269e-25 3.06329e+72 
4.22936e-25 3.06321e+72 
4.26635e-25 3.06284e+72 
4.30367e-25 3.0622e+72 
4.34131e-25 3.06126e+72 
4.37928e-25 3.06005e+72 
4.41758e-25 3.05854e+72 
4.45622e-25 3.05675e+72 
4.49519e-25 3.05466e+72 
4.53451e-25 3.05228e+72 
4.57417e-25 3.04962e+72 
4.61418e-25 3.04665e+72 
4.65453e-25 3.04339e+72 
4.69524e-25 3.03984e+72 
4.73631e-25 3.03599e+72 
4.77773e-25 3.03185e+72 
4.81952e-25 3.02741e+72 
4.86167e-25 3.02267e+72 
4.90419e-25 3.01764e+72 
4.94709e-25 3.01232e+72 
4.99036e-25 3.0067e+72 
5.034e-25 3.00078e+72 
5.07803e-25 2.99458e+72 
5.12244e-25 2.98808e+72 
5.16725e-25 2.98129e+72 
5.21244e-25 2.97422e+72 
5.25803e-25 2.96686e+72 
5.30402e-25 2.95922e+72 
5.35041e-25 2.9513e+72 
5.3972e-25 2.9431e+72 
5.44441e-25 2.93462e+72 
5.49203e-25 2.92588e+72 
5.54006e-25 2.91686e+72 
5.58852e-25 2.90758e+72 
5.6374e-25 2.89804e+72 
5.6867e-25 2.88824e+72 
5.73644e-25 2.87819e+72 
5.78661e-25 2.8679e+72 
5.83722e-25 2.85736e+72 
5.88828e-25 2.84658e+72 
5.93978e-25 2.83558e+72 
5.99173e-25 2.82435e+72 
6.04413e-25 2.81289e+72 
6.097e-25 2.80123e+72 
6.15032e-25 2.78935e+72 
6.20411e-25 2.77728e+72 
6.25838e-25 2.76501e+72 
6.31311e-25 2.75256e+72 
6.36833e-25 2.73992e+72 
6.42403e-25 2.72712e+72 
6.48022e-25 2.71415e+72 
6.53689e-25 2.70103e+72 
6.59407e-25 2.68776e+72 
6.65174e-25 2.67435e+72 
6.70992e-25 2.66081e+72 
6.7686e-25 2.64715e+72 
6.8278e-25 2.63337e+72 
6.88752e-25 2.61949e+72 
6.94776e-25 2.60552e+72 
7.00853e-25 2.59147e+72 
7.06983e-25 2.57733e+72 
7.13166e-25 2.56314e+72 
7.19404e-25 2.54888e+72 
7.25696e-25 2.53458e+72 
7.32043e-25 2.52025e+72 
7.38446e-25 2.50588e+72 
7.44904e-25 2.4915e+72 
7.51419e-25 2.47711e+72 
7.57991e-25 2.46272e+72 
7.64621e-25 2.44835e+72 
7.71309e-25 2.434e+72 
7.78055e-25 2.41968e+72 
7.8486e-25 2.40541e+72 
7.91724e-25 2.39118e+72 
7.98649e-25 2.37702e+72 
8.05634e-25 2.36292e+72 
8.1268e-25 2.34891e+72 
8.19788e-25 2.33498e+72 
8.26958e-25 2.32115e+72 
8.34191e-25 2.30743e+72 
8.41487e-25 2.29382e+72 
8.48847e-25 2.28034e+72 
8.56271e-25 2.26698e+72 
8.6376e-25 2.25376e+72 
8.71315e-25 2.24069e+72 
8.78936e-25 2.22776e+72 
8.86623e-25 2.21499e+72 
8.94378e-25 2.20238e+72 
9.022e-25 2.18994e+72 
9.10091e-25 2.17768e+72 
9.18051e-25 2.16559e+72 
9.26081e-25 2.15368e+72 
9.3418e-25 2.14196e+72 
9.42351e-25 2.13043e+72 
9.50593e-25 2.11909e+72 
9.58907e-25 2.10793e+72 
9.67294e-25 2.09697e+72 
9.75754e-25 2.0862e+72 
9.84288e-25 2.07561e+72 
9.92897e-25 2.06522e+72 
1.00158e-24 2.05502e+72 
1.01034e-24 2.04501e+72 
1.01918e-24 2.03518e+72 
1.02809e-24 2.02552e+72 
1.03708e-24 2.01605e+72 
1.04615e-24 2.00673e+72 
1.0553e-24 1.99758e+72 
1.06453e-24 1.98859e+72 
1.07385e-24 1.97973e+72 
1.08324e-24 1.97102e+72 
1.09271e-24 1.96243e+72 
1.10227e-24 1.95395e+72 
1.11191e-24 1.94558e+72 
1.12163e-24 1.93731e+72 
1.13144e-24 1.92911e+72 
1.14134e-24 1.92099e+72 
1.15132e-24 1.91292e+72 
1.16139e-24 1.90488e+72 
1.17155e-24 1.89687e+72 
1.1818e-24 1.88885e+72 
1.19213e-24 1.88082e+72 
1.20256e-24 1.87276e+72 
1.21308e-24 1.86465e+72 
1.22369e-24 1.85648e+72 
1.23439e-24 1.84823e+72 
1.24519e-24 1.83988e+72 
1.25608e-24 1.83141e+72 
1.26706e-24 1.8228e+72 
1.27815e-24 1.81404e+72 
1.28932e-24 1.80508e+72 
1.3006e-24 1.79592e+72 
1.31198e-24 1.78654e+72 
1.32345e-24 1.77693e+72 
1.33503e-24 1.76707e+72 
1.3467e-24 1.75695e+72 
1.35848e-24 1.74655e+72 
1.37036e-24 1.73587e+72 
1.38235e-24 1.72488e+72 
1.39444e-24 1.71356e+72 
1.40664e-24 1.70191e+72 
1.41894e-24 1.6899e+72 
1.43135e-24 1.67753e+72 
1.44387e-24 1.6648e+72 
1.4565e-24 1.65172e+72 
1.46923e-24 1.63828e+72 
1.48209e-24 1.62448e+72 
1.49505e-24 1.61033e+72 
1.50812e-24 1.59583e+72 
1.52131e-24 1.58098e+72 
1.53462e-24 1.56578e+72 
1.54804e-24 1.55024e+72 
1.56158e-24 1.53438e+72 
1.57524e-24 1.51821e+72 
1.58902e-24 1.50176e+72 
1.60292e-24 1.48504e+72 
1.61693e-24 1.46809e+72 
1.63108e-24 1.45093e+72 
1.64534e-24 1.43358e+72 
1.65973e-24 1.41608e+72 
1.67425e-24 1.39844e+72 
1.68889e-24 1.3807e+72 
1.70366e-24 1.36289e+72 
1.71857e-24 1.34505e+72 
1.7336e-24 1.32721e+72 
1.74876e-24 1.30939e+72 
1.76405e-24 1.29165e+72 
1.77948e-24 1.27401e+72 
1.79505e-24 1.25652e+72 
1.81075e-24 1.23922e+72 
1.82658e-24 1.22214e+72 
1.84256e-24 1.20532e+72 
1.85867e-24 1.18881e+72 
1.87493e-24 1.17261e+72 
1.89133e-24 1.15676e+72 
1.90787e-24 1.14127e+72 
1.92456e-24 1.12617e+72 
1.94139e-24 1.11148e+72 
1.95837e-24 1.09723e+72 
1.9755e-24 1.08344e+72 
1.99278e-24 1.07015e+72 
2.01021e-24 1.05737e+72 
2.02779e-24 1.04511e+72 
2.04552e-24 1.03336e+72 
2.06342e-24 1.02213e+72 
2.08146e-24 1.01138e+72 
2.09967e-24 1.00112e+72 
2.11803e-24 9.9134e+71 
2.13656e-24 9.82016e+71 
2.15524e-24 9.7314e+71 
2.17409e-24 9.64697e+71 
2.19311e-24 9.56672e+71 
2.21229e-24 9.49038e+71 
2.23164e-24 9.41759e+71 
2.25116e-24 9.34797e+71 
2.27085e-24 9.28109e+71 
2.29071e-24 9.21652e+71 
2.31074e-24 9.1538e+71 
2.33095e-24 9.09242e+71 
2.35134e-24 9.03186e+71 
2.37191e-24 8.97156e+71 
2.39265e-24 8.91093e+71 
2.41358e-24 8.8495e+71 
2.43469e-24 8.78695e+71 
2.45598e-24 8.72297e+71 
2.47746e-24 8.65719e+71 
2.49913e-24 8.58927e+71 
2.52099e-24 8.51881e+71 
2.54304e-24 8.44542e+71 
2.56528e-24 8.36869e+71 
2.58772e-24 8.28817e+71 
2.61035e-24 8.20342e+71 
2.63318e-24 8.11426e+71 
2.65621e-24 8.02087e+71 
2.67944e-24 7.9235e+71 
2.70288e-24 7.82241e+71 
2.72652e-24 7.71788e+71 
2.75037e-24 7.6102e+71 
2.77442e-24 7.49968e+71 
2.79869e-24 7.38664e+71 
2.82316e-24 7.27144e+71 
2.84786e-24 7.15442e+71 
2.87276e-24 7.03601e+71 
2.89789e-24 6.91674e+71 
2.92324e-24 6.79719e+71 
2.9488e-24 6.67793e+71 
2.97459e-24 6.55957e+71 
3.00061e-24 6.44274e+71 
3.02686e-24 6.32806e+71 
3.05333e-24 6.21621e+71 
3.08003e-24 6.10786e+71 
3.10697e-24 6.00371e+71 
3.13415e-24 5.90427e+71 
3.16156e-24 5.80957e+71 
3.18921e-24 5.71956e+71 
3.2171e-24 5.63421e+71 
3.24524e-24 5.55346e+71 
3.27363e-24 5.47726e+71 
3.30226e-24 5.40556e+71 
3.33114e-24 5.33831e+71 
3.36028e-24 5.27544e+71 
3.38967e-24 5.21691e+71 
3.41931e-24 5.16254e+71 
3.44922e-24 5.11184e+71 
3.47939e-24 5.06424e+71 
3.50982e-24 5.01913e+71 
3.54052e-24 4.97587e+71 
3.57148e-24 4.93378e+71 
3.60272e-24 4.89215e+71 
3.63423e-24 4.85023e+71 
3.66601e-24 4.80722e+71 
3.69808e-24 4.76229e+71 
3.73042e-24 4.71472e+71 
3.76305e-24 4.6644e+71 
3.79596e-24 4.61138e+71 
3.82916e-24 4.55573e+71 
3.86265e-24 4.49751e+71 
3.89644e-24 4.4368e+71 
3.93052e-24 4.37366e+71 
3.96489e-24 4.3082e+71 
3.99957e-24 4.24051e+71 
4.03455e-24 4.17069e+71 
4.06984e-24 4.0989e+71 
4.10544e-24 4.02561e+71 
4.14134e-24 3.9514e+71 
4.17756e-24 3.87689e+71 
4.2141e-24 3.80268e+71 
4.25096e-24 3.72942e+71 
4.28814e-24 3.65778e+71 
4.32565e-24 3.58842e+71 
4.36348e-24 3.52205e+71 
4.40164e-24 3.45939e+71 
4.44014e-24 3.40107e+71 
4.47898e-24 3.34703e+71 
4.51815e-24 3.29687e+71 
4.55767e-24 3.25022e+71 
4.59753e-24 3.20665e+71 
4.63774e-24 3.16573e+71 
4.6783e-24 3.12702e+71 
4.71922e-24 3.09005e+71 
4.7605e-24 3.05433e+71 
4.80213e-24 3.01934e+71 
4.84413e-24 2.98457e+71 
4.8865e-24 2.94974e+71 
4.92924e-24 2.91469e+71 
4.97235e-24 2.87926e+71 
5.01584e-24 2.84327e+71 
5.05971e-24 2.80655e+71 
5.10396e-24 2.76892e+71 
5.14861e-24 2.73017e+71 
5.19364e-24 2.6901e+71 
5.23906e-24 2.64852e+71 
5.28488e-24 2.60524e+71 
5.33111e-24 2.56042e+71 
5.37773e-24 2.51449e+71 
5.42477e-24 2.46789e+71 
5.47221e-24 2.42108e+71 
5.52008e-24 2.37453e+71 
5.56836e-24 2.32873e+71 
5.61706e-24 2.28419e+71 
5.66619e-24 2.24142e+71 
5.71574e-24 2.20095e+71 
5.76574e-24 2.16331e+71 
5.81616e-24 2.12856e+71 
5.86703e-24 2.09635e+71 
5.91835e-24 2.0663e+71 
5.97011e-24 2.038e+71 
6.02233e-24 2.01103e+71 
6.075e-24 1.98496e+71 
6.12813e-24 1.95934e+71 
6.18173e-24 1.9337e+71 
6.2358e-24 1.90753e+71 
6.29034e-24 1.88033e+71 
6.34536e-24 1.85192e+71 
6.40085e-24 1.8225e+71 
6.45684e-24 1.79229e+71 
6.51331e-24 1.76154e+71 
6.57028e-24 1.7305e+71 
6.62774e-24 1.69942e+71 
6.68571e-24 1.66856e+71 
6.74419e-24 1.63821e+71 
6.80317e-24 1.60864e+71 
6.86267e-24 1.58014e+71 
6.9227e-24 1.55285e+71 
6.98324e-24 1.52667e+71 
7.04432e-24 1.50148e+71 
7.10593e-24 1.47716e+71 
7.16808e-24 1.45359e+71 
7.23078e-24 1.43064e+71 
7.29402e-24 1.40816e+71 
7.35781e-24 1.38601e+71 
7.42217e-24 1.36406e+71 
7.48708e-24 1.34213e+71 
7.55257e-24 1.32015e+71 
7.61862e-24 1.29815e+71 
7.68526e-24 1.27618e+71 
7.75248e-24 1.25431e+71 
7.82028e-24 1.2326e+71 
7.88868e-24 1.2111e+71 
7.95768e-24 1.18987e+71 
8.02728e-24 1.16897e+71 
8.09748e-24 1.14848e+71 
8.16831e-24 1.12846e+71 
8.23975e-24 1.10896e+71 
8.31182e-24 1.08994e+71 
8.38451e-24 1.07139e+71 
8.45785e-24 1.05329e+71 
8.53182e-24 1.03559e+71 
8.60644e-24 1.01826e+71 
8.68172e-24 1.00128e+71 
8.75765e-24 9.84614e+70 
8.83425e-24 9.68217e+70 
8.91151e-24 9.52056e+70 
8.98945e-24 9.36092e+70 
9.06808e-24 9.20292e+70 
9.14739e-24 9.0462e+70 
9.22739e-24 8.89041e+70 
9.3081e-24 8.73518e+70 
9.38951e-24 8.58012e+70 
9.47163e-24 8.42482e+70 
9.55448e-24 8.26887e+70 
9.63804e-24 8.11182e+70 
9.72234e-24 7.95325e+70 
